2|1|1|52|UZPE011|52001|T30|MT01|MARILUZ I|CALLE11A4058|-77.291956|1.219773||52UZPE01152001T30MT01EBS001H0001|52UZPE01152001T30MT01EBS001H0001F0001|3|1|1|2|52UZPE01152001T30MT01EBS001|900091143|CC|1085323338|PSICOLOGO|52UZPE01152001T30MT01EBS001H0001F0001CF001|2025-11-07|1||1||3||1||4|2|11|2|2|2|5||2|13|0||1||1||1||1||2|2|3|1|1|1|1|2|2|2|2|2|2||2|2|1|1||6||1|2|2|1|1|1|2|2|1|52UZPE01152001T30MT01EBS001H000152UZPE01152001T30MT01EBS001H0001F0001
2|2|1|52|UZPE011|52001|T30|MT01|MARILUZ I|CALLE11AN4040|-77.291774|1.219688||52UZPE01152001T30MT01EBS001H0003|52UZPE01152001T30MT01EBS001H0003F0003|3|1|1|2|52UZPE01152001T30MT01EBS001|900091143|CC|1081592769|AUXILIARDEENFERMERIA|52UZPE01152001T30MT01EBS001H0003F0003CF003|2025-11-10|1||1||3||1||3|2|11|2|2|1|20||1|13|0||1||1||1||1||4|2|3|1|1|1|1|2|2|2|2|2|2||2|2|2|1||6||2|2|2|1|2|1|2|2|1|52UZPE01152001T30MT01EBS001H000352UZPE01152001T30MT01EBS001H0003F0003
2|3|1|52|UZPE011|52001|T30|MT01|MARILUZ I|CALLE11A4034|-77.291819|1.219611||52UZPE01152001T30MT01EBS001H0006|52UZPE01152001T30MT01EBS001H0006F0006|3|2|2|2|52UZPE01152001T30MT01EBS001|900091143|CC|1085331558|AUXILIARDEENFERMERIA|52UZPE01152001T30MT01EBS001H0006F0006CF006|2025-11-10|1||1||3||1||4|2|11|2|2|2|20||1|13|0||1||1||1||1||2|2|3|1|1|1|2|2|2|2|2|2|2||2|2|2|2||6||2|2|2|1|1|1|2|2|1|52UZPE01152001T30MT01EBS001H000652UZPE01152001T30MT01EBS001H0006F0006
2|4|1|52|UZPE011|52001|T30|MT01|MARILUZ I|CALLE4111A33|-77.291716|1.220118||52UZPE01152001T30MT01EBS001H0007|52UZPE01152001T30MT01EBS001H0007F0007|3|1|1|7|52UZPE01152001T30MT01EBS001|900091143|CC|1085323338|PSICOLOGO|52UZPE01152001T30MT01EBS001H0007F0007CF007|2025-11-10|1||1||3||1||0|2|11|2|2|1|5||1|13|0||1||1||1||1||1|10|3|1|1|1|1|2|2|2|2|2|2||2|2|1|1||6||1|2|2|1|1|1|2|2|1|52UZPE01152001T30MT01EBS001H000752UZPE01152001T30MT01EBS001H0007F0007
2|5|1|52|UZPE011|52001|T30|MT01|MARILUZ I|CALLE41AN11A06|-77.292118|1.219538||52UZPE01152001T30MT01EBS001H0008|52UZPE01152001T30MT01EBS001H0008F0008|3|1|1|4|52UZPE01152001T30MT01EBS001|900091143|CC|1081592769|AUXILIARDEENFERMERIA|52UZPE01152001T30MT01EBS001H0008F0008CF008|2025-11-10|1||1||3||4||0|2|11|2|2|1|19||1|13|0||1||1||1||1||2|4|3|1|1|1|1|2|2|2|2|2|2||2|2|2|2||6||2|2|2|1|2|1|2|2|1|52UZPE01152001T30MT01EBS001H000852UZPE01152001T30MT01EBS001H0008F0008
2|6|1|52|UZPE011|52001|T30|MT01|MARILUZ I|CALLE41AN11A06|-77.292118|1.219538||52UZPE01152001T30MT01EBS001H0010|52UZPE01152001T30MT01EBS001H0010F0010|3|1|1|4|52UZPE01152001T30MT01EBS001|900091143|CC|1081592769|AUXILIARDEENFERMERIA|52UZPE01152001T30MT01EBS001H0010F0010CF010|2025-11-10|1||1||3||4||0|2|11|2|2|1|19||1|13|0||1||1||1||1||2|4|3|1|1|1|1|2|2|2|2|2|2||2|2|1|2||6||1|2|2|1|2|1|2|2|1|52UZPE01152001T30MT01EBS001H001052UZPE01152001T30MT01EBS001H0010F0010
2|7|1|52|UZPE011|52001|T30|MT01|MARILUZ I|CALLE11A4016|-77.291819|1.219611||52UZPE01152001T30MT01EBS001H0011|52UZPE01152001T30MT01EBS001H0011F0011|3|1|1|2|52UZPE01152001T30MT01EBS001|900091143|CC|1085331558|AUXILIARDEENFERMERIA|52UZPE01152001T30MT01EBS001H0011F0011CF011|2025-11-10|1||1||3||1||4|2|11|2|2|2|20||1|13|0||1||1||1||1||1|2|3|1|1|1|2|2|2|2|2|2|2||2|2|1|1||6||1|2|2|1|1|1|2|2|1|52UZPE01152001T30MT01EBS001H001152UZPE01152001T30MT01EBS001H0011F0011
2|8|1|52|UZPE011|52001|T30|MT01|MARILUZ I|CALLE11A34023|-77.291817|1.219601||52UZPE01152001T30MT01EBS001H0013|52UZPE01152001T30MT01EBS001H0013F0013|3|1|1|3|52UZPE01152001T30MT01EBS001|900091143|CC|1085331558|AUXILIARDEENFERMERIA|52UZPE01152001T30MT01EBS001H0013F0013CF013|2025-11-10|1||1||3||1||3|2|11|2|2|1|19||1|13|0||1||1||1||1||2|3|3|1|1|1|2|2|2|2|2|2|2||2|2|2|1||6||2|2|2|1|1|1|2|2|1|52UZPE01152001T30MT01EBS001H001352UZPE01152001T30MT01EBS001H0013F0013
2|9|1|52|UZPE011|52001|T30|MT02|SAN VICENTE|CALLE5A3652|-77.294502|1.217144||52UZPE01152001T30MT02EBS001H0017|52UZPE01152001T30MT02EBS001H0017F0017|2|1|1|3|52UZPE01152001T30MT02EBS001|900091143|CC|1085331558|AUXILIARDEENFERMERIA|52UZPE01152001T30MT02EBS001H0017F0017CF017|2025-11-14|1||1||3||1||3|2|11|5|3|2|20||2|13|0||1||1||1||1||2|3|2|1|1|1|2|2|2|2|2|2|2||2|2|2|2||6||2|2|2|1|2|1|2|2|1|52UZPE01152001T30MT02EBS001H001752UZPE01152001T30MT02EBS001H0017F0017
2|10|1|52|UZPE011|52001|T30|MT02|SAN VICENTE|CALLE5N3732SANVICENTE|-77.294125|1.217768||52UZPE01152001T30MT02EBS001H0019|52UZPE01152001T30MT02EBS001H0019F0019|2|1|1|2|52UZPE01152001T30MT02EBS001|900091143|CC|1081592769|AUXILIARDEENFERMERIA|52UZPE01152001T30MT02EBS001H0019F0019CF019|2025-11-14|1||1||3||1||2|2|11|2|3|2|20||1|13|0||1||1||1||1||2|2|3|1|1|1|1|2|2|2|2|2|2||2|2|2|1||6||2|2|2|1|1|1|2|2|1|52UZPE01152001T30MT02EBS001H001952UZPE01152001T30MT02EBS001H0019F0019
2|11|1|52|UZPE011|52001|T30|MT02|SAN VICENTE|CALLE5A3704|-77.294356|1.216803||52UZPE01152001T30MT02EBS001H0020|52UZPE01152001T30MT02EBS001H0020F0020|2|1|1|3|52UZPE01152001T30MT02EBS001|900091143|CC|1085331558|AUXILIARDEENFERMERIA|52UZPE01152001T30MT02EBS001H0020F0020CF020|2025-11-14|1||1||3||1||3|2|11|5|3|2|20||2|13|0||1||1||1||1||2|2|3|1|1|1|2|2|2|2|2|2|2||2|2|2|1||6||2|2|2|1|1|1|2|2|1|52UZPE01152001T30MT02EBS001H002052UZPE01152001T30MT02EBS001H0020F0020
2|12|1|52|UZPE011|52001|T30|MT02|SAN VICENTE|CALLE5A3703|-77.294555|1.217024||52UZPE01152001T30MT02EBS001H0023|52UZPE01152001T30MT02EBS001H0023F0023|2|1|1|2|52UZPE01152001T30MT02EBS001|900091143|CC|1085331558|AUXILIARDEENFERMERIA|52UZPE01152001T30MT02EBS001H0023F0023CF023|2025-11-14|1||1||3||1||2|2|11|5|2|2|20||2|13|0||1||1||1||1||2|3|3|1|1|1|2|2|2|2|2|2|2||2|2|1|2||6||1|2|2|1|1|1|2|2|1|52UZPE01152001T30MT02EBS001H002352UZPE01152001T30MT02EBS001H0023F0023
2|13|1|52|UZPE011|52001|T30|MT02|SAN VICENTE|CALLE5TA3671|-77.293904|1.216996||52UZPE01152001T30MT02EBS001H0025|52UZPE01152001T30MT02EBS001H0025F0025|2|1|1|3|52UZPE01152001T30MT02EBS001|900091143|CC|1010099104|AUXILIARDEENFERMERIA|52UZPE01152001T30MT02EBS001H0025F0025CF025|2025-11-18|1||1||3||1||3|2|11|5|3|2|20||1|13|0||1||1||1||1||2|3|3|2|1|1|1|2|2|2|2|2|2||2|2|2|1||6||2|2|2|1|2|1|2|2|1|52UZPE01152001T30MT02EBS001H002552UZPE01152001T30MT02EBS001H0025F0025
2|14|1|52|UZPE011|52001|T30|MT02|SAN VICENTE|CALLE5TA3671|-77.293904|1.216996||52UZPE01152001T30MT02EBS001H0026|52UZPE01152001T30MT02EBS001H0026F0026|2|1|1|3|52UZPE01152001T30MT02EBS001|900091143|CC|1010099104|AUXILIARDEENFERMERIA|52UZPE01152001T30MT02EBS001H0026F0026CF026|2025-11-18|1||1||3||1||3|2|11|5|3|2|20||1|13|0||1||1||1||1||2|3|3|2|1|1|1|2|2|2|2|2|2||2|2|2|1||6||2|2|2|1|2|1|2|2|1|52UZPE01152001T30MT02EBS001H002652UZPE01152001T30MT02EBS001H0026F0026
2|15|1|52|UZPE011|52001|T30|MT02|SAN VICENTE|CALLE5N3738|-77.294048|1.217362||52UZPE01152001T30MT02EBS001H0027|52UZPE01152001T30MT02EBS001H0027F0027|2|3|3|1|52UZPE01152001T30MT02EBS001|900091143|CC|1081592769|AUXILIARDEENFERMERIA|52UZPE01152001T30MT02EBS001H0027F0027CF027|2025-11-18|1||1||3||1||0|2|11|2|2|2|20||1|13|0||1||1||1||1||1|1|3|1|1|1|1|2|2|2|2|2|2||2|2|1|2||6||1|2|2|1|1|1|2|2|1|52UZPE01152001T30MT02EBS001H002752UZPE01152001T30MT02EBS001H0027F0027
2|16|1|52|UZPE011|52001|T30|MT02|SAN VICENTE|CALLE5N3754|-77.294026|1.217675||52UZPE01152001T30MT02EBS001H0029|52UZPE01152001T30MT02EBS001H0029F0029|2|1|1|3|52UZPE01152001T30MT02EBS001|900091143|CC|1081592769|AUXILIARDEENFERMERIA|52UZPE01152001T30MT02EBS001H0029F0029CF029|2025-11-18|4||1||3||1||3|2|11|5|2|2|20||1|13|0||1||1||1||1||2|3|3|1|1|1|1|2|2|2|2|2|2||2|2|1|2||6||1|2|2|1|2|1|2|2|1|52UZPE01152001T30MT02EBS001H002952UZPE01152001T30MT02EBS001H0029F0029
2|17|1|52|UZPE011|52001|T30|MT02|SAN VICENTE|CALLE5A3772|-77.294418|1.217782||52UZPE01152001T30MT02EBS001H0032|52UZPE01152001T30MT02EBS001H0032F0032|2|1|1|5|52UZPE01152001T30MT02EBS001|900091143|CC|1085331558|AUXILIARDEENFERMERIA|52UZPE01152001T30MT02EBS001H0032F0032CF032|2025-11-18|4||1||3||1||3|2|11|5|2|1|20||2|13|0||1||1||1||1||2|6|1|1|1|1|2|2|2|2|2|2|2||2|2|2|1||6||2|2|2|1|2|1|2|2|1|52UZPE01152001T30MT02EBS001H003252UZPE01152001T30MT02EBS001H0032F0032
2|18|1|52|UZPE011|52001|T30|MT02|SAN VICENTE|CALLE5A3752|-77.294072|1.217562||52UZPE01152001T30MT02EBS001H0034|52UZPE01152001T30MT02EBS001H0034F0034|2|1|1|2|52UZPE01152001T30MT02EBS001|900091143|CC|1085331558|AUXILIARDEENFERMERIA|52UZPE01152001T30MT02EBS001H0034F0034CF034|2025-11-18|1||1||3||1||1|2|11|5|3|2|20||2|13|0||1||1||1||1||2|2|3|1|1|1|2|2|2|2|2|2|2||2|2|2|1||6||2|2|2|1|1|1|2|2|1|52UZPE01152001T30MT02EBS001H003452UZPE01152001T30MT02EBS001H0034F0034
2|19|1|52|UZPE011|52001|T30|MT02|SAN VICENTE|CALLE5A3544|-77.293457|1.21604||52UZPE01152001T30MT02EBS001H0035|52UZPE01152001T30MT02EBS001H0035F0035|2|1|1|3|52UZPE01152001T30MT02EBS001|900091143|CC|1085331558|AUXILIARDEENFERMERIA|52UZPE01152001T30MT02EBS001H0035F0035CF035|2025-11-20|4||1||3||1||2|2|11|5|3|2|7||2|13|0||1||1||1||1||2|3|2|1|1|1|2|2|2|2|2|2|2||2|2|1|1||6||1|2|2|1|1|1|2|2|1|52UZPE01152001T30MT02EBS001H003552UZPE01152001T30MT02EBS001H0035F0035
2|20|1|52|UZPE011|52001|T30|MT02|SAN VICENTE|CALLE5N3738|-77.294048|1.217362||52UZPE01152001T30MT02EBS001H0037|52UZPE01152001T30MT02EBS001H0037F0037|2|3|3|3|52UZPE01152001T30MT02EBS001|900091143|CC|1081592769|AUXILIARDEENFERMERIA|52UZPE01152001T30MT02EBS001H0037F0037CF037|2025-11-19|4||1||3||1||2|2|11|5|2|2|20||1|13|0||1||1||1||1||1|2|3|1|1|1|1|2|2|2|2|2|2||2|2|2|2||6||2|2|2|1|2|1|2|2|1|52UZPE01152001T30MT02EBS001H003752UZPE01152001T30MT02EBS001H0037F0037
2|21|1|52|UZPE011|52001|T30|MT02|SAN VICENTE|CALLE5TA3731|-77.294064|1.217377||52UZPE01152001T30MT02EBS001H0038|52UZPE01152001T30MT02EBS001H0038F0038|2|1|1|2|52UZPE01152001T30MT02EBS001|900091143|CC|1010099104|AUXILIARDEENFERMERIA|52UZPE01152001T30MT02EBS001H0038F0038CF038|2025-11-19|1||1||3||1||1|1|11|5|2|1|20||1|13|0||1||1||1||1||4|2|3|2|1|1|1|2|2|2|2|2|2||2|2|2|2||6||2|2|2|1|2|1|2|2|1|52UZPE01152001T30MT02EBS001H003852UZPE01152001T30MT02EBS001H0038F0038
2|22|1|52|UZPE011|52001|T30|MT02|SAN VICENTE|CALLE5TA3731|-77.294064|1.217377||52UZPE01152001T30MT02EBS001H0039|52UZPE01152001T30MT02EBS001H0039F0039|2|1|1|2|52UZPE01152001T30MT02EBS001|900091143|CC|1010099104|AUXILIARDEENFERMERIA|52UZPE01152001T30MT02EBS001H0039F0039CF039|2025-11-19|1||1||3||1||1|1|11|5|2|1|20||1|13|0||1||1||1||1||2|3|3|1|1|1|1|2|2|2|2|2|2||2|2|2|2||6||2|2|2|1|2|1|2|2|1|52UZPE01152001T30MT02EBS001H003952UZPE01152001T30MT02EBS001H0039F0039
2|23|1|52|UZPE011|52001|T30|MT02|SAN VICENTE|CALLE53704|-77.294122|1.216898||52UZPE01152001T30MT02EBS001H0041|52UZPE01152001T30MT02EBS001H0041F0041|2|1|1|3|52UZPE01152001T30MT02EBS001|900091143|CC|1081592769|AUXILIARDEENFERMERIA|52UZPE01152001T30MT02EBS001H0041F0041CF041|2025-11-19|1||1||3||1||2|2|11|5|3|2|20||1|13|0||1||1||1||1||1|3|3|1|1|1|1|2|2|2|2|2|2||2|2|2|2||6||2|2|2|1|1|1|2|2|1|52UZPE01152001T30MT02EBS001H004152UZPE01152001T30MT02EBS001H0041F0041
2|24|1|52|UZPE011|52001|T30|MT02|SAN VICENTE|CALLE5N3627|-77.293683|1.21703||52UZPE01152001T30MT02EBS001H0042|52UZPE01152001T30MT02EBS001H0042F0042|2|1|1|2|52UZPE01152001T30MT02EBS001|900091143|CC|1081592769|AUXILIARDEENFERMERIA|52UZPE01152001T30MT02EBS001H0042F0042CF042|2025-11-19|4||1||3||1||2|2|11|5|2|2|20||1|13|0||1||1||1||1||2|2|3|1|1|1|1|2|2|2|2|2|2||2|2|2|1||6||2|2|2|1|1|1|2|2|1|52UZPE01152001T30MT02EBS001H004252UZPE01152001T30MT02EBS001H0042F0042
2|25|1|52|UZPE011|52001|T30|MT02|SAN VICENTE|CALLE5N3640|-77.293748|1.216864||52UZPE01152001T30MT02EBS001H0043|52UZPE01152001T30MT02EBS001H0043F0043|2|1|1|2|52UZPE01152001T30MT02EBS001|900091143|CC|1081592769|AUXILIARDEENFERMERIA|52UZPE01152001T30MT02EBS001H0043F0043CF043|2025-11-20|1||1||3||1||4|2|11|5|3|2|20||1|13|0||1||1||1||1||1|2|2|2|1|1|1|2|2|2|2|2|2||2|2|1|2||6||1|2|2|1|1|1|2|2|1|52UZPE01152001T30MT02EBS001H004352UZPE01152001T30MT02EBS001H0043F0043
2|26|1|52|UZPE011|52001|T30|MT02|SAN VICENTE|CALLE5N3637|-77.293729|1.216768||52UZPE01152001T30MT02EBS001H0045|52UZPE01152001T30MT02EBS001H0045F0045|2|2|2|5|52UZPE01152001T30MT02EBS001|900091143|CC|1081592769|AUXILIARDEENFERMERIA|52UZPE01152001T30MT02EBS001H0045F0045CF045|2025-11-20|1||2||3||4||3|2|4|5|2|1|19||1|13|0||1||1||1||1||7|1|1|3|1|1|1|2|2|2|2|2|2||2|2|1|1||6||1|2|2|1|2|1|2|2|1|52UZPE01152001T30MT02EBS001H004552UZPE01152001T30MT02EBS001H0045F0045
2|27|1|52|UZPE011|52001|T30|MT02|SAN VICENTE|CALLE5N3637|-77.293729|1.216768||52UZPE01152001T30MT02EBS001H0046|52UZPE01152001T30MT02EBS001H0046F0046|2|2|2|5|52UZPE01152001T30MT02EBS001|900091143|CC|1081592769|AUXILIARDEENFERMERIA|52UZPE01152001T30MT02EBS001H0046F0046CF046|2025-11-20|1||2||3||4||3|1|11|5|2|2|20||1|13|0||1||1||1||1||1|2|1|1|1|1|1|2|2|2|2|2|2||2|2|1|2||6||1|2|2|1|1|1|2|2|1|52UZPE01152001T30MT02EBS001H004652UZPE01152001T30MT02EBS001H0046F0046
2|28|1|52|UZPE011|52001|T30|MT02|SAN VICENTE|CALLE5N3573|-77.293564|1.216387||52UZPE01152001T30MT02EBS001H0047|52UZPE01152001T30MT02EBS001H0047F0047|2|2|2|5|52UZPE01152001T30MT02EBS001|900091143|CC|1081592769|AUXILIARDEENFERMERIA|52UZPE01152001T30MT02EBS001H0047F0047CF047|2025-11-20|1||1||3||1||3|2|11|5|2|2|20||1|13|0||1||1||1||1||1|2|3|1|1|1|1|2|2|2|2|2|2||2|2|1|1||6||1|2|2|1|1|1|2|2|1|52UZPE01152001T30MT02EBS001H004752UZPE01152001T30MT02EBS001H0047F0047
2|29|1|52|UZPE011|52001|T30|MT02|SAN VICENTE|CALLE5A3619|-77.2937|1.216632||52UZPE01152001T30MT02EBS001H0049|52UZPE01152001T30MT02EBS001H0049F0049|2|1|1|4|52UZPE01152001T30MT02EBS001|900091143|CC|1085331558|AUXILIARDEENFERMERIA|52UZPE01152001T30MT02EBS001H0049F0049CF049|2025-11-20|1||1||3||1||3|2|11|5|3|2|20||2|13|0||1||1||1||1||2|4|3|1|1|1|1|2|2|2|2|2|2||2|2|2|2||6||2|2|2|1|1|1|2|2|1|52UZPE01152001T30MT02EBS001H004952UZPE01152001T30MT02EBS001H0049F0049
2|30|1|52|UZPE011|52001|T30|MT02|SAN VICENTE|CALLE5N3539|-77.293461|1.21608||52UZPE01152001T30MT02EBS001H0051|52UZPE01152001T30MT02EBS001H0051F0051|2|1|1|3|52UZPE01152001T30MT02EBS001|900091143|CC|1081592769|AUXILIARDEENFERMERIA|52UZPE01152001T30MT02EBS001H0051F0051CF051|2025-11-21|1||1||3||1||3|2|11|5|2|2|20||1|13|0||1||1||1||1||1|3|3|1|1|1|1|2|2|2|2|2|2||2|2|1|1||6||1|2|2|1|2|1|2|2|1|52UZPE01152001T30MT02EBS001H005152UZPE01152001T30MT02EBS001H0051F0051
2|31|1|52|UZPE011|52001|T30|MT02|SAN VICENTE|CALLE5N3535|-77.295963|1.215963||52UZPE01152001T30MT02EBS001H0053|52UZPE01152001T30MT02EBS001H0053F0053|2|1|1|2|52UZPE01152001T30MT02EBS001|900091143|CC|1081592769|AUXILIARDEENFERMERIA|52UZPE01152001T30MT02EBS001H0053F0053CF053|2025-11-21|1||1||3||1||2|2|11|5|3|2|20||1|13|0||1||1||1||1||2|2|3|1|1|1|1|2|2|2|2|2|2||2|2|2|2||6||2|2|2|1|1|1|2|2|1|52UZPE01152001T30MT02EBS001H005352UZPE01152001T30MT02EBS001H0053F0053
2|32|1|52|UZPE011|52001|T30|MT02|SAN VICENTE|CALLE5N3519|-77.293435|1.21579||52UZPE01152001T30MT02EBS001H0055|52UZPE01152001T30MT02EBS001H0055F0055|2|1|1|2|52UZPE01152001T30MT02EBS001|900091143|CC|1081592769|AUXILIARDEENFERMERIA|52UZPE01152001T30MT02EBS001H0055F0055CF055|2025-11-21|1||1||3||1||2|2|11|5|2|2|20||1|13|0||1||1||1||1||1|2|3|1|1|1|1|2|2|2|2|2|2||2|2|1|1||6||1|2|2|1|1|1|2|2|1|52UZPE01152001T30MT02EBS001H005552UZPE01152001T30MT02EBS001H0055F0055
2|33|1|52|UZPE011|52001|T30|MT02|SAN VICENTE|CALLE5A3505|-77.293661|1.216424||52UZPE01152001T30MT02EBS001H0058|52UZPE01152001T30MT02EBS001H0058F0058|1|1|1|2|52UZPE01152001T30MT02EBS001|900091143|CC|1085331558|AUXILIARDEENFERMERIA|52UZPE01152001T30MT02EBS001H0058F0058CF058|2025-11-22|5||1||3||1||1|2|11|5|2|2|20||1|13|0||1||1||1||1||1|2|2|1|1|1|2|2|2|2|2|2|2||2|2|1|2||6||1|2|2|1|1|1|2|2|1|52UZPE01152001T30MT02EBS001H005852UZPE01152001T30MT02EBS001H0058F0058
2|34|1|52|UZPE011|52001|T30|MT02|SAN VICENTE|CALLE5A3582|-77.293458|1.216392||52UZPE01152001T30MT02EBS001H0059|52UZPE01152001T30MT02EBS001H0059F0059|2|1|1|4|52UZPE01152001T30MT02EBS001|900091143|CC|1085331558|AUXILIARDEENFERMERIA|52UZPE01152001T30MT02EBS001H0059F0059CF059|2025-11-21|1||1||3||1||4|2|11|5|3|2|20||2|13|0||1||1||1||1||2|4|3|1|1|1|2|2|2|2|2|2|2||2|2|2|1||6||2|2|2|1|1|1|2|2|1|52UZPE01152001T30MT02EBS001H005952UZPE01152001T30MT02EBS001H0059F0059
2|35|1|52|UZPE011|52001|T30|MT02|SAN VICENTE|CALLE5N3420|-77.292417|1.215446||52UZPE01152001T30MT02EBS001H0061|52UZPE01152001T30MT02EBS001H0061F0061|2|1|1|2|52UZPE01152001T30MT02EBS001|900091143|CC|1081592769|AUXILIARDEENFERMERIA|52UZPE01152001T30MT02EBS001H0061F0061CF061|2025-11-22|1||1||3||1||2|2|11|5|3|2|20||1|13|0||1||1||1||1||1|2|3|1|1|1|1|2|2|2|2|2|2||2|2|1|2||6||1|2|2|1|2|1|2|2|1|52UZPE01152001T30MT02EBS001H006152UZPE01152001T30MT02EBS001H0061F0061
2|36|1|52|UZPE011|52001|T30|MT02|SAN VICENTE|CALLE53538|-77.293399|1.21599||52UZPE01152001T30MT02EBS001H0064|52UZPE01152001T30MT02EBS001H0064F0064|2|1|1|3|52UZPE01152001T30MT02EBS001|900091143|CC|1085331558|AUXILIARDEENFERMERIA|52UZPE01152001T30MT02EBS001H0064F0064CF064|2025-11-21|1||1||3||1||3|1|11|5|3|2|20||2|13|0||1||1||1||1||2|3|3|1|1|1|2|2|2|2|2|2|2||2|2|2|2||6||2|2|2|1|2|1|2|2|1|52UZPE01152001T30MT02EBS001H006452UZPE01152001T30MT02EBS001H0064F0064
2|37|1|52|UZPE011|52001|T30|MT02|SAN VICENTE|CALLE5N3519|-77.293435|1.21579||52UZPE01152001T30MT02EBS001H0065|52UZPE01152001T30MT02EBS001H0065F0065|2|2|2|1|52UZPE01152001T30MT02EBS001|900091143|CC|1081592769|AUXILIARDEENFERMERIA|52UZPE01152001T30MT02EBS001H0065F0065CF065|2025-11-22|1||1||3||1||1|2|11|5|3|2|20||1|13|0||1||1||1||1||7|1|3|2|1|1|1|2|2|2|2|2|2||2|2|1|1||6||1|2|2|1|1|1|2|2|1|52UZPE01152001T30MT02EBS001H006552UZPE01152001T30MT02EBS001H0065F0065
2|38|1|52|UZPE011|52001|T30|MT02|SAN VICENTE|CALLE6A3537|-77.29266|1.216185||52UZPE01152001T30MT02EBS001H0067|52UZPE01152001T30MT02EBS001H0067F0067|2|1|1|3|52UZPE01152001T30MT02EBS001|900091143|CC|1085331558|AUXILIARDEENFERMERIA|52UZPE01152001T30MT02EBS001H0067F0067CF067|2025-11-21|1||1||3||1||3|2|11|5|3|2|20||1|13|0||1||1||1||1||1|3|3|2|1|1|2|2|2|2|2|2|2||2|2|2|2||6||2|2|2|1|1|1|2|2|1|52UZPE01152001T30MT02EBS001H006752UZPE01152001T30MT02EBS001H0067F0067
2|39|1|52|UZPE011|52001|T30|MT01|MARILUZ I|CALLE11A39A44|-77.291378|1.21934||52UZPE01152001T30MT01EBS001H0068|52UZPE01152001T30MT01EBS001H0068F0068|3|1|1|3|52UZPE01152001T30MT01EBS001|900091143|CC|1081592769|AUXILIARDEENFERMERIA|52UZPE01152001T30MT01EBS001H0068F0068CF068|2025-11-14|1||1||3||1||2|2|11|5|2|2|20||1|13|0||1||1||1||1||1|2|3|1|1|1|1|2|2|2|2|2|2||2|2|1|2||6||1|2|2|1|1|1|2|2|1|52UZPE01152001T30MT01EBS001H006852UZPE01152001T30MT01EBS001H0068F0068
2|40|1|52|UZPE011|52001|T30|MT01|MARILUZ I|CALLE11AN3924|-77.291351|1.218969||52UZPE01152001T30MT01EBS001H0069|52UZPE01152001T30MT01EBS001H0069F0069|2|2|2|2|52UZPE01152001T30MT01EBS001|900091143|CC|1081592769|AUXILIARDEENFERMERIA|52UZPE01152001T30MT01EBS001H0069F0069CF069|2025-11-13|4||1||3||1||4|2|11|5|2|2|20||1|13|0||1||1||1||1||1|2|3|1|1|1|1|2|2|2|2|2|2||2|2|2|2||6||2|2|2|1|1|1|2|2|1|52UZPE01152001T30MT01EBS001H006952UZPE01152001T30MT01EBS001H0069F0069
2|41|1|52|UZPE011|52001|T30|MT01|MARILUZ I|CALLE11A3904|-77.291268|1.21877||52UZPE01152001T30MT01EBS001H0071|52UZPE01152001T30MT01EBS001H0071F0071|3|1|1|1|52UZPE01152001T30MT01EBS001|900091143|CC|1085331558|AUXILIARDEENFERMERIA|52UZPE01152001T30MT01EBS001H0071F0071CF071|2025-11-12|1||1||3||1||1|2|11|5|2|1|8||2|13|0||1||1||1||1||1|3|3|1|1|1|1|2|2|2|2|2|2||2|2|2|2||6||2|2|2|1|1|1|2|2|1|52UZPE01152001T30MT01EBS001H007152UZPE01152001T30MT01EBS001H0071F0071
3|42|AMPARO|NOHAY|DIAGO|DESOLARTE|CC|27077971|1950-04-26|2|2|5|9998|9|2||3|07|||8|||||2||||||||||||52UZPE01152001T30MT01EBS001H000152UZPE01152001T30MT01EBS001H0001F0001|52UZPE01152001T30MT01EBS001H000152UZPE01152001T30MT01EBS001H0001F0001CC27077971
3|43|PAULA|INGRITH|SOLARTE|VIAGO|CC|59814185|1971-03-29|2|2|3|9998|7|2||7|07|||8|||||2||||||||||||52UZPE01152001T30MT01EBS001H000152UZPE01152001T30MT01EBS001H0001F0001|52UZPE01152001T30MT01EBS001H000152UZPE01152001T30MT01EBS001H0001F0001CC59814185
3|44|MRLY|YADIRA|BURGOS|VELAZCO|CC|36751317|1978-05-15|2|2|4|9999|9|2||7|07|||8|74.0|168|||2||||||||||||52UZPE01152001T30MT01EBS001H000352UZPE01152001T30MT01EBS001H0003F0003|52UZPE01152001T30MT01EBS001H000352UZPE01152001T30MT01EBS001H0003F0003CC36751317
3|45|RAFAEL|FERNANDO|BURGOS|VELAZCO|CC|75107632|1985-12-07|1|2|3|9622|9|2||7|07|||8|10.5|171|||2||||||||||||52UZPE01152001T30MT01EBS001H000352UZPE01152001T30MT01EBS001H0003F0003|52UZPE01152001T30MT01EBS001H000352UZPE01152001T30MT01EBS001H0003F0003CC75107632
3|46|FANNY|DELCARMEN|HERRERA|HERRERABUCHELI|CC|30708779|1958-08-25|2|2|1|9998|3|2||3|07|||8|||||2||||||||||||52UZPE01152001T30MT01EBS001H000652UZPE01152001T30MT01EBS001H0006F0006|52UZPE01152001T30MT01EBS001H000652UZPE01152001T30MT01EBS001H0006F0006CC30708779
3|47|JUAN|DANIEL|BURGOS|HERRERA|CC|1085302005|1991-06-06|1|2|3|9999|9|1||7|07|||8|83.0|185|||2||||||||||||52UZPE01152001T30MT01EBS001H000652UZPE01152001T30MT01EBS001H0006F0006|52UZPE01152001T30MT01EBS001H000652UZPE01152001T30MT01EBS001H0006F0006CC1085302005
3|48|JUIANA|NOREFIERE|ORTIZ|ORTIZ|RC|1084059000|2011-10-15|2|2|3|9998|3|2||1|07|||8|||||2||||||||||||52UZPE01152001T30MT01EBS001H000752UZPE01152001T30MT01EBS001H0007F0007|52UZPE01152001T30MT01EBS001H000752UZPE01152001T30MT01EBS001H0007F0007RC1084059000
3|49|SANTIAGO|NOREFIERE|ORTIZ|ORTIZ|RC|1081278295|2008-06-13|1|2|3|9998|3|2||1|07|||8|||||2||||||||||||52UZPE01152001T30MT01EBS001H000752UZPE01152001T30MT01EBS001H0007F0007|52UZPE01152001T30MT01EBS001H000752UZPE01152001T30MT01EBS001H0007F0007RC1081278295
3|50|TOMAS|NOREFIERE|ORTIZ|ORTIZ|TI|1081283481|2013-08-29|1|2|3|9998|3|2||1|07|||8|||||2||||||||||||52UZPE01152001T30MT01EBS001H000752UZPE01152001T30MT01EBS001H0007F0007|52UZPE01152001T30MT01EBS001H000752UZPE01152001T30MT01EBS001H0007F0007TI1081283481
3|51|JUAN|DIEGO|ORTIZ|ORTIZ|CC|1004189898|1999-12-14|1|2|3|9998|5|5||7|07|||8|||||2||||||||||||52UZPE01152001T30MT01EBS001H000752UZPE01152001T30MT01EBS001H0007F0007|52UZPE01152001T30MT01EBS001H000752UZPE01152001T30MT01EBS001H0007F0007CC1004189898
3|52|LUISA|MARIA|ORTIZ|ORTIZ|CC|1138524081|2004-12-16|2|2|3|9998|4|2||7|07|||8|||||2||||||||||||52UZPE01152001T30MT01EBS001H000752UZPE01152001T30MT01EBS001H0007F0007|52UZPE01152001T30MT01EBS001H000752UZPE01152001T30MT01EBS001H0007F0007CC1138524081
3|53|JOSE|MARINO|LEON|ACEVEDO|CC|12981994|1963-04-02|1|2|5|9622|7|2||3|07|||8|70.0|168|||2||||||||||||52UZPE01152001T30MT01EBS001H000852UZPE01152001T30MT01EBS001H0008F0008|52UZPE01152001T30MT01EBS001H000852UZPE01152001T30MT01EBS001H0008F0008CC12981994
3|54|PAOLA|ANDREA|LEON|ACEVEDO|CC|1085332555|1996-10-25|2|2|3|5169|7|2||7|07|||8|67.0|157|||2||||||||||||52UZPE01152001T30MT01EBS001H000852UZPE01152001T30MT01EBS001H0008F0008|52UZPE01152001T30MT01EBS001H000852UZPE01152001T30MT01EBS001H0008F0008CC1085332555
3|55|AIMER|HERNAN|ESPANA|GARCIA|CC|79555466|1971-08-10|1|2|2|9510|4|2||7|07|||8|58.0|159|||2||||||||||||52UZPE01152001T30MT01EBS001H001152UZPE01152001T30MT01EBS001H0011F0011|52UZPE01152001T30MT01EBS001H001152UZPE01152001T30MT01EBS001H0011F0011CC79555466
3|56|OMAIRA|ADRIANA|ORTEGA|GOMEZ|CC|59827191|1974-02-14|2|2|1|9998|13|2||7|07|||8|57.0|154|||2||||||||||||52UZPE01152001T30MT01EBS001H001152UZPE01152001T30MT01EBS001H0011F0011|52UZPE01152001T30MT01EBS001H001152UZPE01152001T30MT01EBS001H0011F0011CC59827191
3|57|SAMUEL|ALEJANDRO|VISUMA|LEON|TI|1081061481|2014-07-30|1|2|6|9998|3|1||8|07|||8|42.0|151|||2||||||||||||52UZPE01152001T30MT01EBS001H001052UZPE01152001T30MT01EBS001H0010F0010|52UZPE01152001T30MT01EBS001H001052UZPE01152001T30MT01EBS001H0010F0010TI1081061481
3|58|ROSA|FLORINDA|AZA|NOREFIERE|CC|27247237|1946-08-18|2|2|4|9998|3|1||3|07|||8|37.0|143|||2||||||||||||52UZPE01152001T30MT01EBS001H001352UZPE01152001T30MT01EBS001H0013F0013|52UZPE01152001T30MT01EBS001H001352UZPE01152001T30MT01EBS001H0013F0013CC27247237
3|59|ANGELA|MARINA|ARCINIEGAS|MORENO|CC|30709697|1958-01-01|2|2|1|9998|4|2||3|07|||8|54.0|152|||2||||||||||||52UZPE01152001T30MT01EBS001H001352UZPE01152001T30MT01EBS001H0013F0013|52UZPE01152001T30MT01EBS001H001352UZPE01152001T30MT01EBS001H0013F0013CC30709697
3|60|MARCO|ANTONIOFAUSTINO|CALPA|GALARZA|CC|5285519|1952-02-15|1|2|4|9998|3|1||3|07|||1|73.0|172|||2||||||||||||52UZPE01152001T30MT02EBS001H001752UZPE01152001T30MT02EBS001H0017F0017|52UZPE01152001T30MT02EBS001H001752UZPE01152001T30MT02EBS001H0017F0017CC5285519
3|61|LEONOR|NOREFIERE|CALPA|GALARZA|CC|27307392|1945-11-08|2|2|3|9998|4|1||3|07|||1|87.0|135|||2||||||||||||52UZPE01152001T30MT02EBS001H001752UZPE01152001T30MT02EBS001H0017F0017|52UZPE01152001T30MT02EBS001H001752UZPE01152001T30MT02EBS001H0017F0017CC27307392
3|62|MARIAJESUS|ELFILIA|CALPA|GALARZA|CC|30713587|1958-11-08|2|2|1|9998|3|2||3|07|||8|86.0|152|||2||||||||||||52UZPE01152001T30MT02EBS001H001752UZPE01152001T30MT02EBS001H0017F0017|52UZPE01152001T30MT02EBS001H001752UZPE01152001T30MT02EBS001H0017F0017CC30713587
3|63|MARIA|CAROLINA|BURBANO|BURBANO|CC|36953934|1980-12-10|2|2|3|9998|5|1||7|07|||8|62.0|159|||2||||||||||||52UZPE01152001T30MT02EBS001H001952UZPE01152001T30MT02EBS001H0019F0019|52UZPE01152001T30MT02EBS001H001952UZPE01152001T30MT02EBS001H0019F0019CC36953934
3|64|ILIA|DELCARMEN|BURBANO|NOREFIERE|CC|30733062|1962-09-24|2|2|5|9998|4|2||3|07|||8|68.0|154|||2||||||||||||52UZPE01152001T30MT02EBS001H001952UZPE01152001T30MT02EBS001H0019F0019|52UZPE01152001T30MT02EBS001H001952UZPE01152001T30MT02EBS001H0019F0019CC30733062
3|65|AURA|ELISA|MIRAMAG|CUASTUMAL|CC|59350033|1954-12-12|2|2|1|9999|13|2||3|07|||8|50.0|152|||2||||||||||||52UZPE01152001T30MT02EBS001H002052UZPE01152001T30MT02EBS001H0020F0020|52UZPE01152001T30MT02EBS001H002052UZPE01152001T30MT02EBS001H0020F0020CC59350033
3|66|CLAUDIA|ORTIZ|ORTIZ|MIRAMAG|CC|1085260593|1987-06-22|2|2|3|9998|4|2||7|07|||8|60.0|172|||2||||||||||||52UZPE01152001T30MT02EBS001H002052UZPE01152001T30MT02EBS001H0020F0020|52UZPE01152001T30MT02EBS001H002052UZPE01152001T30MT02EBS001H0020F0020CC1085260593
3|67|ARIANA|ISABEL|RODRIGUEZ|TABLA|TI|1081285028|2015-05-26|2|2|3|9998|3|1||8|07|||8|42.0|148|||2||||||||||||52UZPE01152001T30MT02EBS001H002352UZPE01152001T30MT02EBS001H0023F0023|52UZPE01152001T30MT02EBS001H002352UZPE01152001T30MT02EBS001H0023F0023TI1081285028
3|68|RODRIGUEZ|TABLA|RODRIGUES|TABLA|CC|1004233085|2002-09-26|1|2|3|9510|4|1||7|07|||8|73.0|172|||2||||||||||||52UZPE01152001T30MT02EBS001H002352UZPE01152001T30MT02EBS001H0023F0023|52UZPE01152001T30MT02EBS001H002352UZPE01152001T30MT02EBS001H0023F0023CC1004233085
3|69|SANDRA|MILENA|TABLA|HURTADO|CC|59836389|1997-11-03|2|2|1|9510|4|1||7|07|||8|72.0|160|||2||||||||||||52UZPE01152001T30MT02EBS001H002352UZPE01152001T30MT02EBS001H0023F0023|52UZPE01152001T30MT02EBS001H002352UZPE01152001T30MT02EBS001H0023F0023CC59836389
3|70|JONATHAN|ALEJANDRO|TUTALCHA|TUMAL|CC|1081276239|2006-12-30|1|2|3|9998|3|1||7|07|||8|64.0|160|||2||||||||||||52UZPE01152001T30MT02EBS001H002552UZPE01152001T30MT02EBS001H0025F0025|52UZPE01152001T30MT02EBS001H002552UZPE01152001T30MT02EBS001H0025F0025CC1081276239
3|71|ANA|LUCIA|GOMEZ|GUERRERO|CC|59818772|1972-04-04|2|2|5|9998|5|1||7|07|||8|72.0|162|||2||||||||||||52UZPE01152001T30MT02EBS001H002752UZPE01152001T30MT02EBS001H0027F0027|52UZPE01152001T30MT02EBS001H002752UZPE01152001T30MT02EBS001H0027F0027CC59818772
3|72|MARIA|DELMAR|MORAN|CHAPUESGAL|CC|1081054896|2006-06-11|2|2|6|9998|13|1||7|07|||8|46.0|154|||2||||||||||||52UZPE01152001T30MT02EBS001H002952UZPE01152001T30MT02EBS001H0029F0029|52UZPE01152001T30MT02EBS001H002952UZPE01152001T30MT02EBS001H0029F0029CC1081054896
3|73|MARIA|ZONIA|BRAVO|NOREFIERE|CC|30746219|1964-11-22|2|2|5|9998|2|1||3|07|||8|71.0|152|||2||||||||||||52UZPE01152001T30MT02EBS001H002952UZPE01152001T30MT02EBS001H0029F0029|52UZPE01152001T30MT02EBS001H002952UZPE01152001T30MT02EBS001H0029F0029CC30746219
3|74|DEISY|ELISABETH|TAICUS|GARCIA|TI|1987829937|2015-03-02|2|2|3|9998|3|1||8|07|||8|26.8|128|||2||||||||||||52UZPE01152001T30MT02EBS001H002952UZPE01152001T30MT02EBS001H0029F0029|52UZPE01152001T30MT02EBS001H002952UZPE01152001T30MT02EBS001H0029F0029TI1987829937
3|75|ANDERSON|MAURICIO|TUTALCHA|TUMAL|CC|1081273705|2004-09-26|1|2|3|9999|3|1||7|07|||8|67.0|170|||2||||||||||||52UZPE01152001T30MT02EBS001H002652UZPE01152001T30MT02EBS001H0026F0026|52UZPE01152001T30MT02EBS001H002652UZPE01152001T30MT02EBS001H0026F0026CC1081273705
3|76|ANA|LUCIA|CARRASCO|SANTACRUZ|CC|30727763|1962-03-22|2|2|1|9998|4|1||3|07|||8|61.0|166|||2||||||||||||52UZPE01152001T30MT02EBS001H003252UZPE01152001T30MT02EBS001H0032F0032|52UZPE01152001T30MT02EBS001H003252UZPE01152001T30MT02EBS001H0032F0032CC30727763
3|77|CARLOS|TADIO|CARRASCO|BENAVIDES|CC|5192975|1934-09-13|1|2|6|9998|4|1||3|07|||8|69.0|160|||2||||||||||||52UZPE01152001T30MT02EBS001H003252UZPE01152001T30MT02EBS001H0032F0032|52UZPE01152001T30MT02EBS001H003252UZPE01152001T30MT02EBS001H0032F0032CC5192975
3|78|ALISON|SARAY|MELINO|ARCOS|TI|1080703373|2017-01-26|2|2|3|9998|3|1||8|07|||8|26.0|138|||2||||||||||||52UZPE01152001T30MT02EBS001H003252UZPE01152001T30MT02EBS001H0032F0032|52UZPE01152001T30MT02EBS001H003252UZPE01152001T30MT02EBS001H0032F0032TI1080703373
3|79|IAN|EMMANUEL|NASNER|ARCOS|RC|1081066790|2020-07-21|1|2|6|9998|3|1||8|07|||8|19.0|116|||2||||||||||||52UZPE01152001T30MT02EBS001H003252UZPE01152001T30MT02EBS001H0032F0032|52UZPE01152001T30MT02EBS001H003252UZPE01152001T30MT02EBS001H0032F0032RC1081066790
3|80|DIANA|CAROLINA|ARCOS|CARRASCO|CC|1085292753|1991-06-05|2|2|4|9510|4|1||7|07|||8|55.0|150|||2||||||||||||52UZPE01152001T30MT02EBS001H003252UZPE01152001T30MT02EBS001H0032F0032|52UZPE01152001T30MT02EBS001H003252UZPE01152001T30MT02EBS001H0032F0032CC1085292753
3|81|SEGUNDO|ALBERTO|INSUASTY|RIASCOS|CC|5147040|1945-06-27|1|2|4|9999|2|5||3|07|||8|64.0|160|||2||||||||||||52UZPE01152001T30MT02EBS001H003852UZPE01152001T30MT02EBS001H0038F0038|52UZPE01152001T30MT02EBS001H003852UZPE01152001T30MT02EBS001H0038F0038CC5147040
3|82|MARIA|EUGENIA|INSUASTY|RIASCOS|CC|59829527|1972-11-27|2|2|1|9998|2|1||7|07|||8|70.0|146|||2||||||||||||52UZPE01152001T30MT02EBS001H003952UZPE01152001T30MT02EBS001H0039F0039|52UZPE01152001T30MT02EBS001H003952UZPE01152001T30MT02EBS001H0039F0039CC59829527
3|83|CARLOS|ANDRES|GUERRERO|GOMEZ|CC|1085339918|1998-04-20|2|2|5|9622|7|1||7|07|||8|76.0|173|||2||||||||||||52UZPE01152001T30MT02EBS001H003752UZPE01152001T30MT02EBS001H0037F0037|52UZPE01152001T30MT02EBS001H003752UZPE01152001T30MT02EBS001H0037F0037CC1085339918
3|84|CESAR|MAURICIO|LEGISAMO|DELACRUZ|CC|1084924849|1995-06-27|1|2|5|5169|7|2||7|07|||8|77.0|173|||2||||||||||||52UZPE01152001T30MT02EBS001H004152UZPE01152001T30MT02EBS001H0041F0041|52UZPE01152001T30MT02EBS001H004152UZPE01152001T30MT02EBS001H0041F0041CC1084924849
3|85|ANA|VICTORIA|LEGUISAMO|DELACRUZ|RC|1080070729|2020-04-07|2|2|3|9998|3|2||8|07|||8|||||2||||||||||||52UZPE01152001T30MT02EBS001H004152UZPE01152001T30MT02EBS001H0041F0041|52UZPE01152001T30MT02EBS001H004152UZPE01152001T30MT02EBS001H0041F0041RC1080070729
3|86|ANDREA|KATALINA|DELACRUZ|INBAJOA|CC|1086330525|1991-05-19|2|2|2|5169|7|2||7|07|||8|67.0|156|||2||||||||||||52UZPE01152001T30MT02EBS001H004152UZPE01152001T30MT02EBS001H0041F0041|52UZPE01152001T30MT02EBS001H004152UZPE01152001T30MT02EBS001H0041F0041CC1086330525
3|87|JANETH|ALCIRA|MARTINEZ|BURBANO|CC|30727685|1963-12-13|2|2|5|9998|3|1||3|07|||8|49.0|151|||2||||||||||||52UZPE01152001T30MT02EBS001H004252UZPE01152001T30MT02EBS001H0042F0042|52UZPE01152001T30MT02EBS001H004252UZPE01152001T30MT02EBS001H0042F0042CC30727685
3|88|JESUS|ALEXANDER|PARRA|MARTINEZ|CC|1085270169|1992-02-21|1|2|3|5169|7|2||7|07|||8|70.0|167|||2||||||||||||52UZPE01152001T30MT02EBS001H004252UZPE01152001T30MT02EBS001H0042F0042|52UZPE01152001T30MT02EBS001H004252UZPE01152001T30MT02EBS001H0042F0042CC1085270169
3|89|VERONICA|DELCARMEN|REYES|CAICEDO|CC|36951689|1980-08-02|2|2|1|9998|13|1||7|07|||8|69.0|158|||2||||||||||||52UZPE01152001T30MT02EBS001H003552UZPE01152001T30MT02EBS001H0035F0035|52UZPE01152001T30MT02EBS001H003552UZPE01152001T30MT02EBS001H0035F0035CC36951689
3|90|LUISA|MARIA|PAZ|REYES|CC|1081276361|2007-01-15|2|2|3|9998|5|2||7|07|||8|50.0|152|||2||||||||||||52UZPE01152001T30MT02EBS001H003552UZPE01152001T30MT02EBS001H0035F0035|52UZPE01152001T30MT02EBS001H003552UZPE01152001T30MT02EBS001H0035F0035CC1081276361
3|91|MARIA|ALEJANDRA|PAZ|REYES|TI|1081279694|2009-06-29|2|2|3|9998|3|2||1|07|||8|51.0|162|||2||||||||||||52UZPE01152001T30MT02EBS001H003552UZPE01152001T30MT02EBS001H0035F0035|52UZPE01152001T30MT02EBS001H003552UZPE01152001T30MT02EBS001H0035F0035TI1081279694
3|92|LUCIA|ESPERANZA|RUALES|NOREFIERE|CC|30709275|1954-07-14|2|2|2|9998|4|1||3|07|||8|68.0|157|||2||||||||||||52UZPE01152001T30MT02EBS001H004352UZPE01152001T30MT02EBS001H0043F0043|52UZPE01152001T30MT02EBS001H004352UZPE01152001T30MT02EBS001H0043F0043CC30709275
3|93|LUIS|EDUARDO|CASTRO|NOREFIERE|CC|12955038|1950-04-23|1|2|5|9622|6|1||3|07|||8|70.0|155|||2||||||||||||52UZPE01152001T30MT02EBS001H004352UZPE01152001T30MT02EBS001H0043F0043|52UZPE01152001T30MT02EBS001H004352UZPE01152001T30MT02EBS001H0043F0043CC12955038
3|94|PAUL|EMANUEL|PANTOJA|GUERRERO|TI|1080063571|2015-10-15|1|2|3|9998|3|1||8|07|||8|27.0|132|||2||||||||||||52UZPE01152001T30MT02EBS001H003452UZPE01152001T30MT02EBS001H0034F0034|52UZPE01152001T30MT02EBS001H003452UZPE01152001T30MT02EBS001H0034F0034TI1080063571
3|95|OLIVIA|ALEXANDRA|GUERRERO|GOMEZ|CC|1085283120|1990-05-21|2|2|1|9510|4|1||7|07|||8|55.0|150|||2||||||||||||52UZPE01152001T30MT02EBS001H003452UZPE01152001T30MT02EBS001H0034F0034|52UZPE01152001T30MT02EBS001H003452UZPE01152001T30MT02EBS001H0034F0034CC1085283120
3|96|MARIANITA|DEJESUS|MARROQUIN|ANDRADE|CC|36950277|1948-05-01|2|2|5|9998|2|1||3|07|||2|76.0|156|||2||||||||||||52UZPE01152001T30MT02EBS001H004552UZPE01152001T30MT02EBS001H0045F0045|52UZPE01152001T30MT02EBS001H004552UZPE01152001T30MT02EBS001H0045F0045CC36950277
3|97|MIGUEL|ANGEL|MARCILLO|MARROQUIN|CC|1085254598|1984-12-08|1|2|1|9999|3|1||7|07|||8|70.0|164|||2||||||||||||52UZPE01152001T30MT02EBS001H004652UZPE01152001T30MT02EBS001H0046F0046|52UZPE01152001T30MT02EBS001H004652UZPE01152001T30MT02EBS001H0046F0046CC1085254598
3|98|DEICY|MARINA|ORDONEZ|BENAVIDES|CC|27279666|1987-05-07|2|2|2|9999|2|1||7|07|||8|59.0|151|||2||||||||||||52UZPE01152001T30MT02EBS001H004652UZPE01152001T30MT02EBS001H0046F0046|52UZPE01152001T30MT02EBS001H004652UZPE01152001T30MT02EBS001H0046F0046CC27279666
3|99|ISABEL|SOFIA|MARCILLO|ORDONEZ|TI|1030021684|2012-09-13|2|2|3|9998|3|1||1|07|||8|43.0|146|||2||||||||||||52UZPE01152001T30MT02EBS001H004652UZPE01152001T30MT02EBS001H0046F0046|52UZPE01152001T30MT02EBS001H004652UZPE01152001T30MT02EBS001H0046F0046TI1030021684
3|100|JOSETH|FELIPE|BANDA|BENAVIDEZ|TI|1085312934|2012-05-26|1|2|6|9998|3|1||1|07|||8|57.0|158|||2||||||||||||52UZPE01152001T30MT02EBS001H004752UZPE01152001T30MT02EBS001H0047F0047|52UZPE01152001T30MT02EBS001H004752UZPE01152001T30MT02EBS001H0047F0047TI1085312934
3|101|JUAN|JOSE|SARMIENTO|ERAZO|TI|1081065038|2018-04-13|1|2|3|9998|3|2||8|07|||8|32.0|125|||2||||||||||||52UZPE01152001T30MT02EBS001H004952UZPE01152001T30MT02EBS001H0049F0049|52UZPE01152001T30MT02EBS001H004952UZPE01152001T30MT02EBS001H0049F0049TI1081065038
3|102|LAURA|VALENTINA|SARMIENTO|GUARIN|TI|1081063930|2016-11-21|2|2|3|9998|3|2||8|07|||8|29.0|135|||2||||||||||||52UZPE01152001T30MT02EBS001H004952UZPE01152001T30MT02EBS001H0049F0049|52UZPE01152001T30MT02EBS001H004952UZPE01152001T30MT02EBS001H0049F0049TI1081063930
3|103|EVA|FLORENTINA|BOTINA|GUERRERO|CC|30771793|1955-04-29|2|2|6|9999|2|1||3|07|||8|69.0|167|||2||||||||||||52UZPE01152001T30MT02EBS001H005152UZPE01152001T30MT02EBS001H0051F0051|52UZPE01152001T30MT02EBS001H005152UZPE01152001T30MT02EBS001H0051F0051CC30771793
3|104|MIRIAM|NOREFIERE|TORRES|GUERRERO|CC|30701150|1947-02-23|2|2|6|9999|3|1||3|07|||8|75.0|165|||2||||||||||||52UZPE01152001T30MT02EBS001H005152UZPE01152001T30MT02EBS001H0051F0051|52UZPE01152001T30MT02EBS001H005152UZPE01152001T30MT02EBS001H0051F0051CC30701150
3|105|ZOILA|LIGIA|PAZ|BOLANOS|CC|27071005|1940-09-12|2|2|5|9998|3|5||3|07|||8|62.0|145|||2||||||||||||52UZPE01152001T30MT02EBS001H005352UZPE01152001T30MT02EBS001H0053F0053|52UZPE01152001T30MT02EBS001H005352UZPE01152001T30MT02EBS001H0053F0053CC27071005
3|106|WILSON|NOREFIERE|DELGADO|PAZ|CC|12997890|1970-11-08|1|2|3|9622|5|1||7|07|||8|80.0|169|||2||||||||||||52UZPE01152001T30MT02EBS001H005352UZPE01152001T30MT02EBS001H0053F0053|52UZPE01152001T30MT02EBS001H005352UZPE01152001T30MT02EBS001H0053F0053CC12997890
3|107|FLOR|ALICIA|OLIVA|RUANO|CC|30746445|1962-06-06|2|2|2|9998|2|1||3|07|||8|93.0|160|||2||||||||||||52UZPE01152001T30MT02EBS001H005552UZPE01152001T30MT02EBS001H0055F0055|52UZPE01152001T30MT02EBS001H005552UZPE01152001T30MT02EBS001H0055F0055CC30746445
3|108|ALVARO|NOREFIERE|DELGADO|SINSAJOA|CC|12973365|1960-05-08|1|2|2|9510|3|1||3|07|||8|83.0|168|||2||||||||||||52UZPE01152001T30MT02EBS001H005552UZPE01152001T30MT02EBS001H0055F0055|52UZPE01152001T30MT02EBS001H005552UZPE01152001T30MT02EBS001H0055F0055CC12973365
3|109|DANNA|GABRIELA|TELLEZ|TULCAN|RC|1081068737|2024-06-02|2|2|3|9998|3|1||8|07|||8|10.0|78|||2||||||||||||52UZPE01152001T30MT02EBS001H005852UZPE01152001T30MT02EBS001H0058F0058|52UZPE01152001T30MT02EBS001H005852UZPE01152001T30MT02EBS001H0058F0058RC1081068737
3|110|ABELARDO|NOREFIERE|CORDOBA|NOREFIERE|CC|5791781|1949-06-06|1|2|2|9998|7|2||3|07|||8|71.0|157|||2||||||||||||52UZPE01152001T30MT02EBS001H006152UZPE01152001T30MT02EBS001H0061F0061|52UZPE01152001T30MT02EBS001H006152UZPE01152001T30MT02EBS001H0061F0061CC5791781
3|111|AURA|INES|MEJIA|DECORDOBA|CC|30720777|1951-04-04|2|2|2|9998|3|2||3|07|||8|74.0|157|||2||||||||||||52UZPE01152001T30MT02EBS001H006152UZPE01152001T30MT02EBS001H0061F0061|52UZPE01152001T30MT02EBS001H006152UZPE01152001T30MT02EBS001H0061F0061CC30720777
3|112|LUNA|OLIVANA|ORTIZ|BENAVIDEZ|CC|1080043617|2005-04-07|2|2|3|9998|5|1||7|07|||8|59.0|159|||2||||||||||||52UZPE01152001T30MT02EBS001H005952UZPE01152001T30MT02EBS001H0059F0059|52UZPE01152001T30MT02EBS001H005952UZPE01152001T30MT02EBS001H0059F0059CC1080043617
3|113|GABIRELA|MARTINA|ORTIZ|BENAVIDEZ|TI|1080053551|2008-11-01|2|2|3|9998|3|1||1|07|||8|53.0|152|||2||||||||||||52UZPE01152001T30MT02EBS001H005952UZPE01152001T30MT02EBS001H0059F0059|52UZPE01152001T30MT02EBS001H005952UZPE01152001T30MT02EBS001H0059F0059TI1080053551
3|114|YIRETH|VANESSA|PAZ|OSORIO|TI|1081278831|2009-01-03|2|2|3|9998|3|2||1|07|||8|50.0|149|||2||||||||||||52UZPE01152001T30MT02EBS001H006452UZPE01152001T30MT02EBS001H0064F0064|52UZPE01152001T30MT02EBS001H006452UZPE01152001T30MT02EBS001H0064F0064TI1081278831
3|115|MIRIAM|DELCARMEN|UBATE|BORQUES|CC|30702452|1960-08-07|2|2|6|9998|2|2||3|07|||8|60.0|149|||2||||||||||||52UZPE01152001T30MT02EBS001H006552UZPE01152001T30MT02EBS001H0065F0065|52UZPE01152001T30MT02EBS001H006552UZPE01152001T30MT02EBS001H0065F0065CC30702452
3|116|ANGELA|MARITZA|BASTIDAS|BASANTE|CC|1085347826|1999-12-13|2|2|3|9622|5|1||7|07|||8|54.0|155|||2||||||||||||52UZPE01152001T30MT02EBS001H006752UZPE01152001T30MT02EBS001H0067F0067|52UZPE01152001T30MT02EBS001H006752UZPE01152001T30MT02EBS001H0067F0067CC1085347826
3|117|SOLEDAD|DELCARMEN|SANTACRUZ|DENARVAEZ|CC|30703334|1951-07-03|2|2|5|9510|7|2||3|07|||8|67.0|163|||2||||||||||||52UZPE01152001T30MT01EBS001H006852UZPE01152001T30MT01EBS001H0068F0068|52UZPE01152001T30MT01EBS001H006852UZPE01152001T30MT01EBS001H0068F0068CC30703334
3|118|VICENTE|LUIS|NAVARRO|ROJAS|CC|5196148|1940-11-19|1|2|5|9999|7|5||3|07|||8|95.0|175|||2||||||||||||52UZPE01152001T30MT01EBS001H006952UZPE01152001T30MT01EBS001H0069F0069|52UZPE01152001T30MT01EBS001H006952UZPE01152001T30MT01EBS001H0069F0069CC5196148
3|119|LUIS|IGNACIO|VALENZUELA|GUASQUEN|RC|1085349822|2021-07-11|1|2|3|9998|3|2||8|07|||8|15.0|100|||2||||||||||||52UZPE01152001T30MT01EBS001H007152UZPE01152001T30MT01EBS001H0071F0071|52UZPE01152001T30MT01EBS001H007152UZPE01152001T30MT01EBS001H0071F0071RC1085349822