1|NI|900091143|2025-11-10|2025-11-10|208
2|1|1|52|UZPE011|52001|T01|MT04|CENTRO|CALLE212065|-77.274253|1.210612||52UZPE01152001T01MT04EBS001H0001|52UZPE01152001T01MT04EBS001H0001F0001|3|1|1|1|52UZPE01152001T01MT04EBS001|900091143|CC|98382500|AUXILIARDEENFERMERIA|52UZPE01152001T01MT04EBS001H0001F0001CF001|2025-08-15|1||1||4||1||1|1|11|5|2|2|20||1|13|0||1||1||1||1||7|1|3|1|1|1|1|2|2|2|2|2|2||2|2|1|1||6||1|2|2|1|2|1|2|2|1|52UZPE01152001T01MT04EBS001H000152UZPE01152001T01MT04EBS001H0001F0001
2|2|1|52|UZPE011|52001|T01|MT03|LOS DOS PUENTES|CARRERA252257|-77.275238|1.216642||52UZPE01152001T01MT03EBS001H0002|52UZPE01152001T01MT03EBS001H0002F0002|3|1|1|2|52UZPE01152001T01MT03EBS001|900091143|CC|1233191675|AUXILIARESDEENFERMERIA|52UZPE01152001T01MT03EBS001H0002F0002CF002|2025-07-08|1||1||3||1||2|2|11|2|2|1|7||2|13|0||1||1||1||1||2|2|2|1|1|1|2|2|2|2|2|2|2||2|2|2|1||6||2|2|2|1|1|1|2|2|1|52UZPE01152001T01MT03EBS001H000252UZPE01152001T01MT03EBS001H0002F0002
2|3|1|52|UZPE011|52001|T01|MT03|LOS DOS PUENTES|CLL22BIS24382|-77.276758|1.218166||52UZPE01152001T01MT03EBS001H0003|52UZPE01152001T01MT03EBS001H0003F0003|1|1|1|1|52UZPE01152001T01MT03EBS001|900091143|CC|1193271854|AUXILIARENFERMERIA|52UZPE01152001T01MT03EBS001H0003F0003CF003|2025-07-06|5||1||3||1||1|2|11|5|2|2|20||2|13|0||1||1||1||1||7|1|3|1|1|1|1|2|2|2|2|2|2||2|2|1|1||6||1|2|2|1|2|1|2|2|1|52UZPE01152001T01MT03EBS001H000352UZPE01152001T01MT03EBS001H0003F0003
2|4|1|52|UZPE011|52001|T01|MT04|CENTRO|CRA20A1980|-77.275775|1.211753||52UZPE01152001T01MT04EBS001H0004|52UZPE01152001T01MT04EBS001H0004F0004|2|1|1|2|52UZPE01152001T01MT04EBS001|900091143|CC|1193271854|AUXILIARENFERMERIA|52UZPE01152001T01MT04EBS001H0004F0004CF004|2025-08-11|4||1||3||1||1|2|11|5|3|2|20||2|13|0||1||1||1||1||7|2|3|1|1|1|1|2|2|2|2|2|2||2|2|1|1||6||1|2|2|1|2|1|2|2|1|52UZPE01152001T01MT04EBS001H000452UZPE01152001T01MT04EBS001H0004F0004
2|5|1|52|UZPE011|52001|T01|MT04|CENTRO|CALLE212043|-77.274043|1.210497||52UZPE01152001T01MT04EBS001H0005|52UZPE01152001T01MT04EBS001H0005F0005|1|1|1|1|52UZPE01152001T01MT04EBS001|900091143|CC|98382500|AUXILIARDEENFERMERIA|52UZPE01152001T01MT04EBS001H0005F0005CF005|2025-08-14|4||1||3||1||1|2|11|5|2|2|20||1|13|0||1||1||1||1||7|1|1|1|1|1|1|2|2|2|2|2|2||2|2|1|2||6||1|2|2|1|2|1|2|2|1|52UZPE01152001T01MT04EBS001H000552UZPE01152001T01MT04EBS001H0005F0005
2|6|1|52|UZPE011|52001|T01|MT03|LOS DOS PUENTES|CLL222610|-77.276714|1.218047||52UZPE01152001T01MT03EBS001H0006|52UZPE01152001T01MT03EBS001H0006F0006|2|1|1|1|52UZPE01152001T01MT03EBS001|900091143|CC|1193271854|AUXILIARENFERMERIA|52UZPE01152001T01MT03EBS001H0006F0006CF006|2025-07-10|4||1||3||1||1|2|11|5|2|2|20||2|13|0||1||1||1||1||7|1|3|1|1|1|1|2|2|2|2|2|2||2|2|1|2||6||1|2|2|1|2|1|2|2|1|52UZPE01152001T01MT03EBS001H000652UZPE01152001T01MT03EBS001H0006F0006
2|7|1|52|UZPE011|52001|T01|MT03|LOS DOS PUENTES|CALLE22BIS24396|-77.273828|1.218166||52UZPE01152001T01MT03EBS001H0007|52UZPE01152001T01MT03EBS001H0007F0007|1|1|1|2|52UZPE01152001T01MT03EBS001|900091143|CC|1193271854|AUXILIARENFERMERIA|52UZPE01152001T01MT03EBS001H0007F0007CF007|2025-07-06|3||1||3||1||1|2|11|5|2|1|7||2|13|0||1||1||1||1||1|2|3|1|1|1|1|2|2|2|2|2|2||2|2|1|1||6||1|2|2|1|2|1|2|2|1|52UZPE01152001T01MT03EBS001H000752UZPE01152001T01MT03EBS001H0007F0007
2|8|1|52|UZPE011|52001|T01|MT04|CENTRO|CRA20A1980|-77.275982|1.21055||52UZPE01152001T01MT04EBS001H0008|52UZPE01152001T01MT04EBS001H0008F0008|2|1|1|2|52UZPE01152001T01MT04EBS001|900091143|CC|1193271854|AUXILIARENFERMERIA|52UZPE01152001T01MT04EBS001H0008F0008CF008|2025-08-11|4||1||3||1||1|2|11|5|3|2|20||2|13|0||1||1||1||1||7|2|3|1|1|1|1|2|2|2|2|2|2||2|2|1|1||6||1|2|2|1|1|1|2|2|1|52UZPE01152001T01MT04EBS001H000852UZPE01152001T01MT04EBS001H0008F0008
2|9|1|52|UZPE011|52001|T01|MT03|LOS DOS PUENTES|CARRERA262152|-77.277324|1.21684||52UZPE01152001T01MT03EBS001H0009|52UZPE01152001T01MT03EBS001H0009F0009|3|1|1|3|52UZPE01152001T01MT03EBS001|900091143|CC|98398650|PSICOLOGO|52UZPE01152001T01MT03EBS001H0009F0009CF009|2025-07-10|5||1||3||1||1|2|8|2|2|2|7||2|13|0||1||1||1||1||1|3|3|3|1|3|1|2|2|2|2|2|2||2|2|1|1||6||1|2|2|1|1|1|2|2|1|52UZPE01152001T01MT03EBS001H000952UZPE01152001T01MT03EBS001H0009F0009
2|10|1|52|UZPE011|52001|T01|MT03|LOS DOS PUENTES|CR252124|-77.276017|1.215921||52UZPE01152001T01MT03EBS001H0010|52UZPE01152001T01MT03EBS001H0010F0010|1|1|1|2|52UZPE01152001T01MT03EBS001|900091143|CC|1193271854|AUXILIARENFERMERIA|52UZPE01152001T01MT03EBS001H0010F0010CF010|2025-07-09|4||1||3||1||1|2|11|5|2|2|20||1|13|0||1||1||1||1||7|2|3|1|1|1|1|2|2|2|2|2|2||2|2|1|2||6||1|2|2|1|2|1|2|2|1|52UZPE01152001T01MT03EBS001H001052UZPE01152001T01MT03EBS001H0010F0010
2|11|1|52|UZPE011|52001|T01|MT03|LOS DOS PUENTES|CALLE2551|-77.277452|1.217861||52UZPE01152001T01MT03EBS001H0011|52UZPE01152001T01MT03EBS001H0011F0011|3|1|1|1|52UZPE01152001T01MT03EBS001|900091143|CC|1193271854|AUXILIARENFERMERIA|52UZPE01152001T01MT03EBS001H0011F0011CF011|2025-04-07|4||1||3||1||1|2|11|5|2|2|20||2|13|0||1||1||1||1||7|1|3|1|1|1|1|2|2|2|2|2|2||2|2|1|2||6||1|2|2|1|2|1|2|2|1|52UZPE01152001T01MT03EBS001H001152UZPE01152001T01MT03EBS001H0011F0011
2|12|1|52|UZPE011|52001|T01|MT03|LOS DOS PUENTES|CARRERA26NUMERO2213|-77.27547|1.217032||52UZPE01152001T01MT03EBS001H0012|52UZPE01152001T01MT03EBS001H0012F0012|3|1|1|2|52UZPE01152001T01MT03EBS001|900091143|CC|1085283868|ENFERMERA|52UZPE01152001T01MT03EBS001H0012F0012CF012|2025-07-07|1||1||3||4||3|2|11|5|2|2|8||2|13|0||1||2||1||1||1|2|3|1|1|1|1|2|2|2|2|2|2||2|2|1|2||6||1|2|2|1|1|1|2|2|1|52UZPE01152001T01MT03EBS001H001252UZPE01152001T01MT03EBS001H0012F0012
2|13|1|52|UZPE011|52001|T01|MT04|CENTRO|CRA20A2011|-77.276103|1.211254||52UZPE01152001T01MT04EBS001H0013|52UZPE01152001T01MT04EBS001H0013F0013|2|1|1|3|52UZPE01152001T01MT04EBS001|900091143|CC|1193271854|AUXILIARENFERMERIA|52UZPE01152001T01MT04EBS001H0013F0013CF013|2025-08-12|5||1||3||1||2|2|11|5|2|2|20||2|13|0||1||1||1||1||7|3|2|1|1|1|1|2|2|2|2|2|2||2|2|1|1||6||1|2|2|1|2|1|2|2|1|52UZPE01152001T01MT04EBS001H001352UZPE01152001T01MT04EBS001H0013F0013
2|14|1|52|UZPE011|52001|T01|MT04|CENTRO|CRA20A2035|-77.275408|1.211168||52UZPE01152001T01MT04EBS001H0014|52UZPE01152001T01MT04EBS001H0014F0014|2|1|1|2|52UZPE01152001T01MT04EBS001|900091143|CC|1233191675|AUXILIARESDEENFERMERIA|52UZPE01152001T01MT04EBS001H0014F0014CF014|2025-08-12|1||1||3||1||2|2|11|5|2|2|20||2|13|0||1||1||1||1||7|1|3|1|1|1|1|2|2|2|2|2|2||2|2|1|1||6||1|2|2|1|2|1|2|2|1|52UZPE01152001T01MT04EBS001H001452UZPE01152001T01MT04EBS001H0014F0014
2|15|1|52|UZPE011|52001|T01|MT03|LOS DOS PUENTES|CALLE222696|-77.279073|1.219254||52UZPE01152001T01MT03EBS001H0015|52UZPE01152001T01MT03EBS001H0015F0015|2|1|1|3|52UZPE01152001T01MT03EBS001|900091143|CC|1193271854|AUXILIARENFERMERIA|52UZPE01152001T01MT03EBS001H0015F0015CF015|2025-07-07|5||1||3||1||1|2|11|5|2|2|20||2|13|0||1||1||1||1||7|1|3|1|1|1|1|2|2|2|2|2|2||2|2|1|2||6||1|2|2|1|2|1|2|2|1|52UZPE01152001T01MT03EBS001H001552UZPE01152001T01MT03EBS001H0015F0015
2|16|1|52|UZPE011|52001|T01|MT03|LOS DOS PUENTES|CR2224166|-77.274536|1.21682||52UZPE01152001T01MT03EBS001H0016|52UZPE01152001T01MT03EBS001H0016F0016|2|1|1|2|52UZPE01152001T01MT03EBS001|900091143|CC|1193271854|AUXILIARENFERMERIA|52UZPE01152001T01MT03EBS001H0016F0016CF016|2025-07-09|4||1||3||1||1|2|11|5|2|2|20||2|13|0||1||1||1||1||7|1|3|1|1|1|1|2|2|2|2|2|2||2|2|1|2||6||1|2|2|1|2|1|2|2|1|52UZPE01152001T01MT03EBS001H001652UZPE01152001T01MT03EBS001H0016F0016
2|17|1|52|UZPE011|52001|T01|MT03|LOS DOS PUENTES|CARRERA252205DOSPUENTES|-77.274451|1.216469||52UZPE01152001T01MT03EBS001H0017|52UZPE01152001T01MT03EBS001H0017F0017|3|1|1|2|52UZPE01152001T01MT03EBS001|900091143|CC|98382500|AUXILIARDEENFERMERIA|52UZPE01152001T01MT03EBS001H0017F0017CF017|2025-07-07|1||1||3||1||2|2|8|5|2|2|20||1|13|0||1||1||1||1||2|2|1|1|1|1|1|2|2|2|2|2|2||2|2|1|2||6||1|2|2|1|2|1|2|2|1|52UZPE01152001T01MT03EBS001H001752UZPE01152001T01MT03EBS001H0017F0017
2|18|1|52|UZPE011|52001|T01|MT03|LOS DOS PUENTES|CALLE222625|-77.276842|1.217402||52UZPE01152001T01MT03EBS001H0018|52UZPE01152001T01MT03EBS001H0018F0018|1|1|1|1|52UZPE01152001T01MT03EBS001|900091143|CC|98382500|AUXILIARDEENFERMERIA|52UZPE01152001T01MT03EBS001H0018F0018CF018|2025-07-10|4||1||3||1||1|1|11|5|2|2|20||2|13|0||1||1||1||1||1|1|3|2|1|1|1|2|2|2|2|2|2||2|2|1|2||6||1|2|2|1|2|1|2|2|1|52UZPE01152001T01MT03EBS001H001852UZPE01152001T01MT03EBS001H0018F0018
2|19|1|52|UZPE011|52001|T01|MT03|LOS DOS PUENTES|CALLE222508DOSPUENTES|-77.274451|1.216468||52UZPE01152001T01MT03EBS001H0019|52UZPE01152001T01MT03EBS001H0019F0019|3|1|1|1|52UZPE01152001T01MT03EBS001|900091143|CC|98382500|AUXILIARDEENFERMERIA|52UZPE01152001T01MT03EBS001H0019F0019CF019|2025-07-07|1||1||3||1||1|2|11|5|2|2|20||1|13|0||1||1||1||1||7|1|2|2|1|1|1|2|2|2|2|2|2||2|2|1|1||6||1|2|2|1|2|1|2|2|1|52UZPE01152001T01MT03EBS001H001952UZPE01152001T01MT03EBS001H0019F0019
2|20|1|52|UZPE011|52001|T01|MT03|LOS DOS PUENTES|CARRERA262219|-77.275815|1.217135||52UZPE01152001T01MT03EBS001H0020|52UZPE01152001T01MT03EBS001H0020F0020|1|1|1|4|52UZPE01152001T01MT03EBS001|900091143|CC|1233191675|AUXILIARESDEENFERMERIA|52UZPE01152001T01MT03EBS001H0020F0020CF020|2025-07-07|1||1||3||1||3|2|11|2|2|1|7||2|13|0||1||1||1||1||1|4|1|1|1|1|1|2|2|2|2|2|2||2|2|1|1||6||1|2|2|1|2|1|2|2|1|52UZPE01152001T01MT03EBS001H002052UZPE01152001T01MT03EBS001H0020F0020
2|21|1|52|UZPE011|52001|T01|MT03|LOS DOS PUENTES|CALLE22BIS24382|-77.276758|1.218491||52UZPE01152001T01MT03EBS001H0021|52UZPE01152001T01MT03EBS001H0021F0021|1|1|1|2|52UZPE01152001T01MT03EBS001|900091143|CC|1193271854|AUXILIARENFERMERIA|52UZPE01152001T01MT03EBS001H0021F0021CF021|2025-07-06|5||1||3||1||2|2|11|5|2|2|20||2|13|0||1||1||1||1||7|2|3|1|1|1|1|2|2|2|2|2|2||2|2|1|1||6||1|2|2|1|2|1|2|2|1|52UZPE01152001T01MT03EBS001H002152UZPE01152001T01MT03EBS001H0021F0021
2|22|1|52|UZPE011|52001|T01|MT03|LOS DOS PUENTES|2550|-77.275344|1.217411||52UZPE01152001T01MT03EBS001H0022|52UZPE01152001T01MT03EBS001H0022F0022|3|1|1|2|52UZPE01152001T01MT03EBS001|900091143|CC|1085283868|ENFERMERA|52UZPE01152001T01MT03EBS001H0022F0022CF022|2025-07-09|4||1||3||1||1|2|11|5|2|2|20||2|13|0||1||1||1||1||2|2|3|1|1|1|1|2|2|2|2|2|2||2|2|1|1||6||1|2|2|1|1|1|2|2|1|52UZPE01152001T01MT03EBS001H002252UZPE01152001T01MT03EBS001H0022F0022
2|23|1|52|UZPE011|52001|T01|MT03|LOS DOS PUENTES|CALLE22A24134|-77.274625|1.216629||52UZPE01152001T01MT03EBS001H0023|52UZPE01152001T01MT03EBS001H0023F0023|2|1|1|1|52UZPE01152001T01MT03EBS001|900091143|CC|30722194|GESTORCOMUNITARIO|52UZPE01152001T01MT03EBS001H0023F0023CF023|2025-07-10|4||1||3||1||1|2|11|5|2|2|20||2|13|0||1||1||1||1||7|1|3|1|1|1|1|2|2|2|2|2|2||2|2|1|2||6||1|2|2|1|1|1|2|2|1|52UZPE01152001T01MT03EBS001H002352UZPE01152001T01MT03EBS001H0023F0023
2|24|1|52|UZPE011|52001|T01|MT03|LOS DOS PUENTES|CRA222257|-77.274978|1.215062||52UZPE01152001T01MT03EBS001H0024|52UZPE01152001T01MT03EBS001H0024F0024|1|1|1|2|52UZPE01152001T01MT03EBS001|900091143|CC|1089458776|AUXILIARDEENFERMERIA|52UZPE01152001T01MT03EBS001H0024F0024CF024|2025-10-14|1||1||3||4||2|2|11|5|3|2|20||2|13|0||1||1||1||1||1|2|3|1|1|1|2|2|2|2|2|2|2||2|2|1|2||6||1|2|2|1|2|1|2|2|1|52UZPE01152001T01MT03EBS001H002452UZPE01152001T01MT03EBS001H0024F0024
2|25|1|52|UZPE011|52001|T01|MT03|LOS DOS PUENTES|CR252234|-77.275131|1.216992||52UZPE01152001T01MT03EBS001H0025|52UZPE01152001T01MT03EBS001H0025F0025|2|1|1|1|52UZPE01152001T01MT03EBS001|900091143|CC|1085283868|ENFERMERA|52UZPE01152001T01MT03EBS001H0025F0025CF025|2025-07-08|1||1||3||1||1|2|11|5|2|2|8||2|13|0||1||1||1||1||7|1|3|1|1|1|1|2|2|2|2|2|2||2|2|1|1||6||1|2|2|1|2|1|2|2|1|52UZPE01152001T01MT03EBS001H002552UZPE01152001T01MT03EBS001H0025F0025
2|26|1|52|UZPE011|52001|T01|MT03|LOS DOS PUENTES|CALLE222582DOSPUENTES|-77.275478|1.216725||52UZPE01152001T01MT03EBS001H0026|52UZPE01152001T01MT03EBS001H0026F0026|3|1|1|1|52UZPE01152001T01MT03EBS001|900091143|CC|98382500|AUXILIARDEENFERMERIA|52UZPE01152001T01MT03EBS001H0026F0026CF026|2025-07-07|5||1||3||1||1|2|11|5|2|2|20||1|13|0||1||1||1||1||7|1|3|1|1|1|1|2|2|2|2|2|2||2|2|1|2||6||1|2|2|1|2|1|2|2|1|52UZPE01152001T01MT03EBS001H002652UZPE01152001T01MT03EBS001H0026F0026
2|27|1|52|UZPE011|52001|T01|MT03|LOS DOS PUENTES|K252154|-77.275747|1.211764||52UZPE01152001T01MT03EBS001H0027|52UZPE01152001T01MT03EBS001H0027F0027|2|1|1|1|52UZPE01152001T01MT03EBS001|900091143|CC|30722194|GESTORCOMUNITARIO|52UZPE01152001T01MT03EBS001H0027F0027CF027|2025-07-08|1||1||3||1||1|2|11|5|2|2|20||2|13|0||1||1||1||1||7|1|3|1|1|1|1|2|2|2|2|2|2||2|2|1|1||6||1|2|2|1|1|1|2|2|1|52UZPE01152001T01MT03EBS001H002752UZPE01152001T01MT03EBS001H0027F0027
2|28|1|52|UZPE011|52001|T01|MT04|CENTRO|CRA20A1986|-77.275868|1.210744||52UZPE01152001T01MT04EBS001H0028|52UZPE01152001T01MT04EBS001H0028F0028|1|1|1|1|52UZPE01152001T01MT04EBS001|900091143|CC|1233191675|AUXILIARESDEENFERMERIA|52UZPE01152001T01MT04EBS001H0028F0028CF028|2025-08-11|5||1||3||1||1|1|11|5|2|2|20||2|13|0||1||1||1||1||7|1|1|1|1|1|2|2|2|2|2|2|2||2|2|1|1||6||1|2|2|1|1|1|2|2|1|52UZPE01152001T01MT04EBS001H002852UZPE01152001T01MT04EBS001H0028F0028
2|29|1|52|UZPE011|52001|T01|MT03|LOS DOS PUENTES|CALLE222463|-77.275877|1.214792||52UZPE01152001T01MT03EBS001H0029|52UZPE01152001T01MT03EBS001H0029F0029|2|1|1|1|52UZPE01152001T01MT03EBS001|900091143|CC|1193271854|AUXILIARENFERMERIA|52UZPE01152001T01MT03EBS001H0029F0029CF029|2025-07-08|1||1||3||1||1|2|11|5|2|2|20||1|13|0||1||1||1||1||7|1|2|1|1|1|3|2|2|2|2|2|2||2|2|1|1||6||1|2|2|1|2|1|2|2|1|52UZPE01152001T01MT03EBS001H002952UZPE01152001T01MT03EBS001H0029F0029
2|30|1|52|UZPE011|52001|T01|MT03|LOS DOS PUENTES|CA26N2223|-77.275445|1.21713||52UZPE01152001T01MT03EBS001H0030|52UZPE01152001T01MT03EBS001H0030F0030|3|1|1|1|52UZPE01152001T01MT03EBS001|900091143|CC|1085283868|ENFERMERA|52UZPE01152001T01MT03EBS001H0030F0030CF030|2025-07-07|1||1||3||1||3|2|11|5|2|2|8||2|13|0||1||1||1||1||1|2|1|1|1|1|1|2|2|2|2|2|2||2|2|1|2||6||1|2|2|1|2|1|2|2|1|52UZPE01152001T01MT03EBS001H003052UZPE01152001T01MT03EBS001H0030F0030
2|31|1|52|UZPE011|52001|T01|MT03|LOS DOS PUENTES|CR22BIS24354|-77.283917|1.220778||52UZPE01152001T01MT03EBS001H0031|52UZPE01152001T01MT03EBS001H0031F0031|2|1|1|2|52UZPE01152001T01MT03EBS001|900091143|CC|1193271854|AUXILIARENFERMERIA|52UZPE01152001T01MT03EBS001H0031F0031CF031|2025-07-08|4||1||3||1||1|2|11|5|2|2|20||2|13|0||1||1||1||1||7|2|3|1|1|1|1|2|2|2|2|2|2||2|2|1|2||6||1|2|2|1|2|1|2|2|1|52UZPE01152001T01MT03EBS001H003152UZPE01152001T01MT03EBS001H0031F0031
2|32|1|52|UZPE011|52001|T01|MT04|CENTRO|CARRERA20A2064|-77.274783|1.211127||52UZPE01152001T01MT04EBS001H0032|52UZPE01152001T01MT04EBS001H0032F0032|2|1|1|1|52UZPE01152001T01MT04EBS001|900091143|CC|1233191675|AUXILIARESDEENFERMERIA|52UZPE01152001T01MT04EBS001H0032F0032CF032|2025-08-14|1||2||3||2||2|1|11|2|2|2|7||2|13|0||1||1||1||1||7|1|3|2|1|1|1|2|2|2|2|2|2||2|2|1|1||6||1|2|2|1|2|1|2|2|1|52UZPE01152001T01MT04EBS001H003252UZPE01152001T01MT04EBS001H0032F0032
2|33|1|52|UZPE011|52001|T01|MT04|CENTRO|CALLE202171|-77.275631|1.211913||52UZPE01152001T01MT04EBS001H0033|52UZPE01152001T01MT04EBS001H0033F0033|3|1|1|1|52UZPE01152001T01MT04EBS001|900091143|CC|1085283868|ENFERMERA|52UZPE01152001T01MT04EBS001H0033F0033CF033|2025-08-13|5||1||3||1||1|2|11|5|2|2|20||1|13|0||1||1||1||1||1|2|1|1|1|1|1|2|2|2|2|2|2||2|2|1|1||6||1|2|2|1|2|1|2|2|1|52UZPE01152001T01MT04EBS001H003352UZPE01152001T01MT04EBS001H0033F0033
2|34|1|52|UZPE011|52001|T01|MT03|LOS DOS PUENTES|CR252448|-77.274732|1.215922||52UZPE01152001T01MT03EBS001H0034|52UZPE01152001T01MT03EBS001H0034F0034|2|1|1|1|52UZPE01152001T01MT03EBS001|900091143|CC|1193271854|AUXILIARENFERMERIA|52UZPE01152001T01MT03EBS001H0034F0034CF034|2025-07-09|5||1||3||1||1|2|11|5|2|2|20||2|13|0||1||1||1||1||7|1|3|1|1|1|1|2|2|2|2|2|2||2|2|1|2||6||1|2|2|1|2|1|2|2|1|52UZPE01152001T01MT03EBS001H003452UZPE01152001T01MT03EBS001H0034F0034
2|35|1|52|UZPE011|52001|T01|MT04|CENTRO|CRA20A1980|-77.276158|1.210651||52UZPE01152001T01MT04EBS001H0035|52UZPE01152001T01MT04EBS001H0035F0035|2|1|1|2|52UZPE01152001T01MT04EBS001|900091143|CC|1233191675|AUXILIARESDEENFERMERIA|52UZPE01152001T01MT04EBS001H0035F0035CF035|2025-08-11|4||1||3||1||1|1|11|5|2|2|20||2|13|0||1||1||1||1||7|2|3|1|1|1|1|2|2|2|2|2|2||2|2|1|1||6||1|2|2|1|1|1|2|2|1|52UZPE01152001T01MT04EBS001H003552UZPE01152001T01MT04EBS001H0035F0035
2|36|1|52|UZPE011|52001|T01|MT03|LOS DOS PUENTES|CLL222696|-77.279073|1.219254||52UZPE01152001T01MT03EBS001H0036|52UZPE01152001T01MT03EBS001H0036F0036|3|1|1|2|52UZPE01152001T01MT03EBS001|900091143|CC|1193271854|AUXILIARENFERMERIA|52UZPE01152001T01MT03EBS001H0036F0036CF036|2025-07-07|4||1||3||1||1|2|11|5|2|2|20||2|13|0||1||1||1||1||7|2|3|1|1|1|1|2|2|2|2|2|2||2|2|1|2||6||1|2|2|1|2|1|2|2|1|52UZPE01152001T01MT03EBS001H003652UZPE01152001T01MT03EBS001H0036F0036
2|37|1|52|UZPE011|52001|T01|MT03|LOS DOS PUENTES|CRA222257|-77.275187|1.216435||52UZPE01152001T01MT03EBS001H0037|52UZPE01152001T01MT03EBS001H0037F0037|1|1|1|1|52UZPE01152001T01MT03EBS001|900091143|CC|1089458776|AUXILIARDEENFERMERIA|52UZPE01152001T01MT03EBS001H0037F0037CF037|2025-10-14|1||1||3||4||1|2|11|5|3|2|20||2|13|0||1||1||1||1||1|1|3|1|1|1|1|2|2|2|2|2|2||2|2|1|2||6||1|2|2|1|1|1|2|2|1|52UZPE01152001T01MT03EBS001H003752UZPE01152001T01MT03EBS001H0037F0037
2|38|1|52|UZPE011|52001|T01|MT04|CENTRO|CALLE213033|-77.274474|1.210921||52UZPE01152001T01MT04EBS001H0038|52UZPE01152001T01MT04EBS001H0038F0038|3|1|1|2|52UZPE01152001T01MT04EBS001|900091143|CC|1233191675|AUXILIARESDEENFERMERIA|52UZPE01152001T01MT04EBS001H0038F0038CF038|2025-08-15|4||2||4||2||2|2|11|2|2|2|7||2|13|0||1||1||1||1||2|2|3|2|1|1|1|2|2|2|2|2|2||2|2|1|1||6||1|2|2|1|2|1|2|2|1|52UZPE01152001T01MT04EBS001H003852UZPE01152001T01MT04EBS001H0038F0038
2|39|1|52|UZPE011|52001|T01|MT04|CENTRO|CRA20A2017|-77.274817|1.211092||52UZPE01152001T01MT04EBS001H0039|52UZPE01152001T01MT04EBS001H0039F0039|3|1|1|2|52UZPE01152001T01MT04EBS001|900091143|CC|98382500|AUXILIARDEENFERMERIA|52UZPE01152001T01MT04EBS001H0039F0039CF039|2025-08-12|4||1||3||1||1|2|11|5|2|2|20||2|13|0||1||1||1||1||1|2|1|1|1|1|1|2|2|2|2|2|2||2|2|2|2||6||2|2|2|1|1|1|2|2|1|52UZPE01152001T01MT04EBS001H003952UZPE01152001T01MT04EBS001H0039F0039
2|40|1|52|UZPE011|52001|T01|MT03|LOS DOS PUENTES|CALLE22A24296|-77.274122|1.217488||52UZPE01152001T01MT03EBS001H0041|52UZPE01152001T01MT03EBS001H0041F0041|2|1|1|1|52UZPE01152001T01MT03EBS001|900091143|CC|30722194|GESTORCOMUNITARIO|52UZPE01152001T01MT03EBS001H0041F0041CF041|2025-07-06|4||1||3||1||1|2|11|5|2|2|20||1|13|0||1||1||1||1||7|1|3|1|1|1|1|2|2|2|2|2|2||2|2|1|2||6||1|2|2|1|1|1|2|2|1|52UZPE01152001T01MT03EBS001H004152UZPE01152001T01MT03EBS001H0041F0041
2|41|1|52|UZPE011|52001|T01|MT03|LOS DOS PUENTES|CALLE22A2604|-77.275849|1.217386||52UZPE01152001T01MT03EBS001H0042|52UZPE01152001T01MT03EBS001H0042F0042|2|1|1|2|52UZPE01152001T01MT03EBS001|900091143|CC|30722194|GESTORCOMUNITARIO|52UZPE01152001T01MT03EBS001H0042F0042CF042|2025-07-10|1||1||3||1||1|1|11|5|2|2|20||1|13|0||1||1||1||1||1|2|3|1|1|1|1|2|2|2|2|2|2||2|2|1|2||6||1|2|2|1|1|1|2|2|1|52UZPE01152001T01MT03EBS001H004252UZPE01152001T01MT03EBS001H0042F0042
2|42|1|52|UZPE011|52001|T01|MT04|CENTRO|CRA20A2003|-77.275528|1.211133||52UZPE01152001T01MT04EBS001H0043|52UZPE01152001T01MT04EBS001H0043F0043|3|1|1|1|52UZPE01152001T01MT04EBS001|900091143|CC|1085283868|ENFERMERA|52UZPE01152001T01MT04EBS001H0043F0043CF043|2025-08-12|4||1||3||1||1|2|11|5|2|2|20||2|13|0||1||1||1||1||7|1|1|1|1|1|1|2|2|2|2|2|2||2|2|1|2||6||1|2|2|1|2|1|2|2|1|52UZPE01152001T01MT04EBS001H004352UZPE01152001T01MT04EBS001H0043F0043
2|43|1|52|UZPE011|52001|T01|MT04|CENTRO|CRA20A1970|-77.275688|1.210393||52UZPE01152001T01MT04EBS001H0044|52UZPE01152001T01MT04EBS001H0044F0044|3|1|1|1|52UZPE01152001T01MT04EBS001|900091143|CC|98382500|AUXILIARDEENFERMERIA|52UZPE01152001T01MT04EBS001H0044F0044CF044|2025-08-14|5||1||3||4||1|2|11|5|2|1|8||1|13|0||1||1||1||1||7|1|1|1|1|1|1|2|2|2|2|2|2||2|2|1|1||6||1|2|2|1|1|1|2|2|1|52UZPE01152001T01MT04EBS001H004452UZPE01152001T01MT04EBS001H0044F0044
2|44|1|52|UZPE011|52001|T01|MT04|CENTRO|CARA20A1955|-77.275473|1.211112||52UZPE01152001T01MT04EBS001H0045|52UZPE01152001T01MT04EBS001H0045F0045|3|1|1|2|52UZPE01152001T01MT04EBS001|900091143|CC|98382500|AUXILIARDEENFERMERIA|52UZPE01152001T01MT04EBS001H0045F0045CF045|2025-08-12|1||1||3||1||2|2|11|5|2|2|20||1|13|0||1||1||1||1||2|2|1|1|1|1|1|2|2|2|2|2|2||2|2|1|2||6||1|2|2|1|2|1|2|2|1|52UZPE01152001T01MT04EBS001H004552UZPE01152001T01MT04EBS001H0045F0045
2|45|1|52|UZPE011|52001|T01|MT03|LOS DOS PUENTES|CRA262211|-77.275596|1.217133||52UZPE01152001T01MT03EBS001H0046|52UZPE01152001T01MT03EBS001H0046F0046|3|1|1|1|52UZPE01152001T01MT03EBS001|900091143|CC|1085283868|ENFERMERA|52UZPE01152001T01MT03EBS001H0046F0046CF046|2025-07-07|3||1||3||4||1|2|2|5|2|1|8||1|13|0||1||1||1||1||7|1|1|2|1|1|1|2|2|2|2|2|2||2|2|2|2||6||2|2|2|1|2|1|2|2|1|52UZPE01152001T01MT03EBS001H004652UZPE01152001T01MT03EBS001H0046F0046
2|46|1|52|UZPE011|52001|T01|MT03|LOS DOS PUENTES|CALLE222437|-77.275933|1.215166||52UZPE01152001T01MT03EBS001H0047|52UZPE01152001T01MT03EBS001H0047F0047|3|1|1|2|52UZPE01152001T01MT03EBS001|900091143|CC|30722194|GESTORCOMUNITARIO|52UZPE01152001T01MT03EBS001H0047F0047CF047|2025-07-08|1||2||3||2||1|2|11|2|2|2|7||2|13|0||1||1||1||1||1|2|3|1|1|1|1|2|2|2|2|2|2||2|2|1|1||6||1|2|2|1|1|1|2|2|1|52UZPE01152001T01MT03EBS001H004752UZPE01152001T01MT03EBS001H0047F0047
2|47|1|52|UZPE011|52001|T01|MT03|LOS DOS PUENTES|CALLE22BIS24396|-77.273828|1.218166||52UZPE01152001T01MT03EBS001H0048|52UZPE01152001T01MT03EBS001H0048F0048|1|1|1|1|52UZPE01152001T01MT03EBS001|900091143|CC|1193271854|AUXILIARENFERMERIA|52UZPE01152001T01MT03EBS001H0048F0048CF048|2025-07-06|5||1||3||1||1|2|11|5|2|2|20||2|13|0||1||1||1||1||7|1|2|1|1|1|3|2|2|2|2|2|2||2|2|1|1||6||1|2|2|1|2|1|2|2|1|52UZPE01152001T01MT03EBS001H004852UZPE01152001T01MT03EBS001H0048F0048
2|48|1|52|UZPE011|52001|T01|MT03|LOS DOS PUENTES|CRA22BIS2454|-77.283917|1.220778||52UZPE01152001T01MT03EBS001H0049|52UZPE01152001T01MT03EBS001H0049F0049|2|1|1|1|52UZPE01152001T01MT03EBS001|900091143|CC|1193271854|AUXILIARENFERMERIA|52UZPE01152001T01MT03EBS001H0049F0049CF049|2025-07-08|4||1||3||1||1|2|11|5|2|2|20||2|13|0||1||1||1||1||7|1|2|1|1|1|3|2|2|2|2|2|2||2|2|1|2||6||1|2|2|1|2|1|2|2|1|52UZPE01152001T01MT03EBS001H004952UZPE01152001T01MT03EBS001H0049F0049
2|49|1|52|UZPE011|52001|T01|MT03|LOS DOS PUENTES|CARRERA252235|-77.275314|1.216181||52UZPE01152001T01MT03EBS001H0050|52UZPE01152001T01MT03EBS001H0050F0050|3|1|1|1|52UZPE01152001T01MT03EBS001|900091143|CC|30722194|GESTORCOMUNITARIO|52UZPE01152001T01MT03EBS001H0050F0050CF050|2025-07-08|1||1||3||2||1|2|11|5|2|2|7||2|13|0||1||1||1||1||7|1|2|3|1|1|2|2|2|2|2|2|2||2|2|1|2||6||1|2|2|1|2|1|2|2|1|52UZPE01152001T01MT03EBS001H005052UZPE01152001T01MT03EBS001H0050F0050
2|50|1|52|UZPE011|52001|T01|MT03|LOS DOS PUENTES|CARRERA262226CENTRODOSPUENTES|-77.273792|1.217752||52UZPE01152001T01MT03EBS001H0052|52UZPE01152001T01MT03EBS001H0052F0052|3|1|1|4|52UZPE01152001T01MT03EBS001|900091143|CC|98382500|AUXILIARDEENFERMERIA|52UZPE01152001T01MT03EBS001H0052F0052CF052|2025-07-07|4||1||3||1||3|2|11|5|2|2|19||2|13|0||1||1||1||1||2|4|1|2|1|1|1|2|2|2|2|2|2||2|2|1|1||6||1|2|2|1|2|1|2|2|1|52UZPE01152001T01MT03EBS001H005252UZPE01152001T01MT03EBS001H0052F0052
2|51|1|52|UZPE011|52001|T01|MT03|LOS DOS PUENTES|CALLE22BIS24334RIOBLANCO|-77.273335|1.217642||52UZPE01152001T01MT03EBS001H0053|52UZPE01152001T01MT03EBS001H0053F0053|1|1|1|2|52UZPE01152001T01MT03EBS001|900091143|CC|98382500|AUXILIARDEENFERMERIA|52UZPE01152001T01MT03EBS001H0053F0053CF053|2025-07-06|1||2||4||2||2|2|11|5|2|2|20||2|13|0||1||1||1||1||2|2|2|1|1|1|1|2|2|2|2|2|2||2|2|2|1||6||2|2|2|1|1|1|2|2|1|52UZPE01152001T01MT03EBS001H005352UZPE01152001T01MT03EBS001H0053F0053
2|52|1|52|UZPE011|52001|T01|MT03|LOS DOS PUENTES|CALLE222680LOSDOSPUENTES|-77.276092|1.217501||52UZPE01152001T01MT03EBS001H0054|52UZPE01152001T01MT03EBS001H0054F0054|2|1|1|2|52UZPE01152001T01MT03EBS001|900091143|CC|98382500|AUXILIARDEENFERMERIA|52UZPE01152001T01MT03EBS001H0054F0054CF054|2025-07-08|4||1||3||1||2|2|11|5|2|2|20||2|13|0||1||1||1||1||2|2|1|1|1|1|1|2|2|2|2|2|2||2|2|1|1||6||1|2|2|1|1|1|2|2|1|52UZPE01152001T01MT03EBS001H005452UZPE01152001T01MT03EBS001H0054F0054
2|53|1|52|UZPE011|52001|T01|MT04|CENTRO|CARRERA20A1951|-77.275742|1.211113||52UZPE01152001T01MT04EBS001H0055|52UZPE01152001T01MT04EBS001H0055F0055|2|1|1|3|52UZPE01152001T01MT04EBS001|900091143|CC|1233191675|AUXILIARESDEENFERMERIA|52UZPE01152001T01MT04EBS001H0055F0055CF055|2025-08-12|4||1||3||1||3|2|11|2|2|2|7||1|13|0||1||1||1||1||2|3|3|2|1|1|2|2|2|2|2|2|2||2|2|1|1||6||1|2|2|1|1|1|2|2|1|52UZPE01152001T01MT04EBS001H005552UZPE01152001T01MT04EBS001H0055F0055
2|54|1|52|UZPE011|52001|T01|MT03|LOS DOS PUENTES|2666|-77.275989|1.216837||52UZPE01152001T01MT03EBS001H0056|52UZPE01152001T01MT03EBS001H0056F0056|3|1|1|1|52UZPE01152001T01MT03EBS001|900091143|CC|98382500|AUXILIARDEENFERMERIA|52UZPE01152001T01MT03EBS001H0056F0056CF056|2025-07-09|5||1||3||1||1|2|11|5|2|2|20||2|13|0||1||1||1||1||7|1|3|1|1|1|2|2|2|2|2|2|2||2|2|2|2||6||2|2|2|1|1|1|2|2|1|52UZPE01152001T01MT03EBS001H005652UZPE01152001T01MT03EBS001H0056F0056
2|55|1|52|UZPE011|52001|T01|MT04|CENTRO|CALLE212064|-77.274326|1.210698||52UZPE01152001T01MT04EBS001H0057|52UZPE01152001T01MT04EBS001H0057F0057|3|1|1|1|52UZPE01152001T01MT04EBS001|900091143|CC|1085283868|ENFERMERA|52UZPE01152001T01MT04EBS001H0057F0057CF057|2025-08-15|1||5||4||1||1|2|11|5|2|2|20||1|13|0||1||1||1||1||7|1|3|1|1|1|1|2|2|2|2|2|2||2|2|1|1||6||1|2|2|1|2|1|2|2|1|52UZPE01152001T01MT04EBS001H005752UZPE01152001T01MT04EBS001H0057F0057
2|56|1|52|UZPE011|52001|T01|MT03|LOS DOS PUENTES|2629|-77.275761|1.217108||52UZPE01152001T01MT03EBS001H0058|52UZPE01152001T01MT03EBS001H0058F0058|3|1|1|2|52UZPE01152001T01MT03EBS001|900091143|CC|1085283868|ENFERMERA|52UZPE01152001T01MT03EBS001H0058F0058CF058|2025-07-09|1||1||3||1||2|2|11|5|2|2|20||1|13|0||1||1||1||1||2|2|1|1|1|1|1|2|2|2|2|2|2||2|2|1|1||6||1|2|2|1|1|1|2|2|1|52UZPE01152001T01MT03EBS001H005852UZPE01152001T01MT03EBS001H0058F0058
2|57|1|52|UZPE011|52001|T01|MT03|LOS DOS PUENTES|CALLE2214358|-77.274146|1.218042||52UZPE01152001T01MT03EBS001H0059|52UZPE01152001T01MT03EBS001H0059F0059|1|1|1|4|52UZPE01152001T01MT03EBS001|900091143|CC|1085283868|ENFERMERA|52UZPE01152001T01MT03EBS001H0059F0059CF059|2025-07-06|1||1||3||4||1|2|11|1|2|2|7||2|13|0||1||1||1||1||2|4|1|1|1|1|1|2|2|2|2|2|2||2|2|1|1||6||1|2|2|1|1|1|2|2|1|52UZPE01152001T01MT03EBS001H005952UZPE01152001T01MT03EBS001H0059F0059
2|58|1|52|UZPE011|52001|T01|MT03|LOS DOS PUENTES|CALLE22A24358|-77.274318|1.218136||52UZPE01152001T01MT03EBS001H0060|52UZPE01152001T01MT03EBS001H0060F0060|2|1|1|1|52UZPE01152001T01MT03EBS001|900091143|CC|30722194|GESTORCOMUNITARIO|52UZPE01152001T01MT03EBS001H0060F0060CF060|2025-07-10|4||1||3||1||1|2|11|5|2|2|20||2|13|0||1||1||1||1||7|1|3|1|1|1|1|2|2|2|2|2|2||2|2|1|2||6||1|2|2|1|2|1|2|2|1|52UZPE01152001T01MT03EBS001H006052UZPE01152001T01MT03EBS001H0060F0060
2|59|1|52|UZPE011|52001|T01|MT03|LOS DOS PUENTES|2692|-77.275761|1.217108||52UZPE01152001T01MT03EBS001H0061|52UZPE01152001T01MT03EBS001H0061F0061|3|1|1|1|52UZPE01152001T01MT03EBS001|900091143|CC|1085283868|ENFERMERA|52UZPE01152001T01MT03EBS001H0061F0061CF061|2025-07-09|5||1||3||1||1|2|11|5|2|2|20||2|13|0||1||1||1||1||7|1|3|1|1|1|1|2|2|2|2|2|2||2|2|1|2||6||1|2|2|1|2|1|2|2|1|52UZPE01152001T01MT03EBS001H006152UZPE01152001T01MT03EBS001H0061F0061
2|60|1|52|UZPE011|52001|T01|MT03|LOS DOS PUENTES|CALLE22BIS24368RIOBLANCO|-77.273865|1.217772||52UZPE01152001T01MT03EBS001H0062|52UZPE01152001T01MT03EBS001H0062F0062|1|1|1|3|52UZPE01152001T01MT03EBS001|900091143|CC|98382500|AUXILIARDEENFERMERIA|52UZPE01152001T01MT03EBS001H0062F0062CF062|2025-07-06|1||1||3||1||3|2|11|5|3|2|20||2|13|0||1||1||1||1||2|3|1|1|1|1|1|2|2|2|2|2|2||2|2|2|1||6||2|2|2|1|1|1|2|2|1|52UZPE01152001T01MT03EBS001H006252UZPE01152001T01MT03EBS001H0062F0062
2|61|1|52|UZPE011|52001|T01|MT03|LOS DOS PUENTES|CALLE22A24146|-77.274967|1.216145||52UZPE01152001T01MT03EBS001H0063|52UZPE01152001T01MT03EBS001H0063F0063|2|1|1|1|52UZPE01152001T01MT03EBS001|900091143|CC|30722194|GESTORCOMUNITARIO|52UZPE01152001T01MT03EBS001H0063F0063CF063|2025-07-11|1||1||3||1||1|2|11|5|2|2|20||1|13|0||1||1||1||1||7|1|3|1|1|1|1|2|2|2|2|2|2||2|2|1|2||6||1|2|2|1|2|1|2|2|1|52UZPE01152001T01MT03EBS001H006352UZPE01152001T01MT03EBS001H0063F0063
2|62|1|52|UZPE011|52001|T01|MT03|LOS DOS PUENTES|CALLE22A2490|-77.272502|1.215548||52UZPE01152001T01MT03EBS001H0064|52UZPE01152001T01MT03EBS001H0064F0064|1|1|1|1|52UZPE01152001T01MT03EBS001|900091143|CC|98382500|AUXILIARDEENFERMERIA|52UZPE01152001T01MT03EBS001H0064F0064CF064|2025-07-09|1||1||3||1||1|2|11|5|2|2|20||2|13|0||1||1||1||1||7|1|1|1|1|1|1|2|2|2|2|2|2||2|2|2|2||6||2|2|2|1|2|1|2|2|1|52UZPE01152001T01MT03EBS001H006452UZPE01152001T01MT03EBS001H0064F0064
2|63|1|52|UZPE011|52001|T01|MT03|LOS DOS PUENTES|CALLE222537|-77.275568|1.216272||52UZPE01152001T01MT03EBS001H0066|52UZPE01152001T01MT03EBS001H0066F0066|3|1|1|2|52UZPE01152001T01MT03EBS001|900091143|CC|1089458776|AUXILIARDEENFERMERIA|52UZPE01152001T01MT03EBS001H0066F0066CF066|2025-10-14|1||1||3||1||1|2|10|5|3|2|20||2|13|0||1||1||1||1||1|2|3|1|1|1|2|2|2|2|2|2|2||2|2|1|2||6||1|2|2|1|1|1|2|2|1|52UZPE01152001T01MT03EBS001H006652UZPE01152001T01MT03EBS001H0066F0066
2|64|1|52|UZPE011|52001|T01|MT04|CENTRO|CRA20A1980|-77.276158|1.210651||52UZPE01152001T01MT04EBS001H0067|52UZPE01152001T01MT04EBS001H0067F0067|2|1|1|2|52UZPE01152001T01MT04EBS001|900091143|CC|1193271854|AUXILIARENFERMERIA|52UZPE01152001T01MT04EBS001H0067F0067CF067|2025-08-11|4||1||3||1||1|1|11|5|2|2|20||1|13|0||1||1||1||1||7|1|3|1|1|1|1|2|2|2|2|2|2||2|2|1|1||6||1|2|2|1|2|1|2|2|1|52UZPE01152001T01MT04EBS001H006752UZPE01152001T01MT04EBS001H0067F0067
2|65|1|52|UZPE011|52001|T01|MT03|LOS DOS PUENTES|CALLE222593DOSPUENTES|-77.275544|1.216893||52UZPE01152001T01MT03EBS001H0068|52UZPE01152001T01MT03EBS001H0068F0068|3|1|1|1|52UZPE01152001T01MT03EBS001|900091143|CC|98382500|AUXILIARDEENFERMERIA|52UZPE01152001T01MT03EBS001H0068F0068CF068|2025-07-07|1||1||3||1||1|2|11|5|2|2|20||2|13|0||1||1||1||1||7|1|3|1|1|1|1|2|2|2|2|2|2||2|2|2|1||6||2|2|2|1|1|1|2|2|1|52UZPE01152001T01MT03EBS001H006852UZPE01152001T01MT03EBS001H0068F0068
2|66|1|52|UZPE011|52001|T01|MT03|LOS DOS PUENTES|CALLE2224408|-77.273774|1.218415||52UZPE01152001T01MT03EBS001H0069|52UZPE01152001T01MT03EBS001H0069F0069|1|1|1|2|52UZPE01152001T01MT03EBS001|900091143|CC|1233191675|AUXILIARESDEENFERMERIA|52UZPE01152001T01MT03EBS001H0069F0069CF069|2025-07-06|5||1||3||4||1|2|8|4|2|1|7||2|13|0||1||1||1||1||1|2|1|1|1|1|1|2|2|2|2|2|2||2|2|2|1||6||2|2|2|1|1|1|2|2|1|52UZPE01152001T01MT03EBS001H006952UZPE01152001T01MT03EBS001H0069F0069
2|67|1|52|UZPE011|52001|T01|MT03|LOS DOS PUENTES|CALLE22A2448|-77.274809|1.216255||52UZPE01152001T01MT03EBS001H0070|52UZPE01152001T01MT03EBS001H0070F0070|2|1|1|1|52UZPE01152001T01MT03EBS001|900091143|CC|30722194|GESTORCOMUNITARIO|52UZPE01152001T01MT03EBS001H0070F0070CF070|2025-07-10|4||1||3||1||1|2|11|1|2|2|20||1|13|0||1||1||1||1||7|1|3|1|1|1|1|2|2|2|2|2|2||2|2|1|2||6||1|2|2|1|1|1|2|2|1|52UZPE01152001T01MT03EBS001H007052UZPE01152001T01MT03EBS001H0070F0070
2|68|1|52|UZPE011|52001|T01|MT03|LOS DOS PUENTES|CARRERA2621102|-77.276115|1.216983||52UZPE01152001T01MT03EBS001H0071|52UZPE01152001T01MT03EBS001H0071F0071|2|1|1|2|52UZPE01152001T01MT03EBS001|900091143|CC|30722194|GESTORCOMUNITARIO|52UZPE01152001T01MT03EBS001H0071F0071CF071|2025-07-15|1||1||3||1||2|2|11|5|2|2|20||2|13|0||1||1||1||1||1|2|3|1|1|1|1|2|2|2|2|2|2||2|2|1|1||6||1|2|2|1|1|1|2|2|1|52UZPE01152001T01MT03EBS001H007152UZPE01152001T01MT03EBS001H0071F0071
2|69|1|52|UZPE011|52001|T01|MT03|LOS DOS PUENTES|2630|-77.272852|1.220134||52UZPE01152001T01MT03EBS001H0072|52UZPE01152001T01MT03EBS001H0072F0072|2|1|1|1|52UZPE01152001T01MT03EBS001|900091143|CC|NONE|NONE|52UZPE01152001T01MT03EBS001H0072F0072CF072|2025-07-09|4||1||3||1||1|2|11|5|2|2|20||2|13|0||1||1||1||1||7|1|3|1|1|1|1|2|2|2|2|2|2||2|2|1|2||6||1|2|2|1|1|1|2|2|1|52UZPE01152001T01MT03EBS001H007252UZPE01152001T01MT03EBS001H0072F0072
2|70|1|52|UZPE011|52001|T01|MT04|CENTRO|CRA20A1933|-77.276434|1.21094||52UZPE01152001T01MT04EBS001H0074|52UZPE01152001T01MT04EBS001H0074F0074|2|1|1|2|52UZPE01152001T01MT04EBS001|900091143|CC|1193271854|AUXILIARENFERMERIA|52UZPE01152001T01MT04EBS001H0074F0074CF074|2025-08-12|1||1||3||1||2|2|11|5|2|2|20||1|13|0||1||1||1||1||7|2|3|1|1|1|1|2|2|2|2|2|2||2|2|1|1||6||1|2|2|1|2|1|2|2|1|52UZPE01152001T01MT04EBS001H007452UZPE01152001T01MT04EBS001H0074F0074
2|71|1|52|UZPE011|52001|T01|MT04|CENTRO|CALLE21CRA2010|-77.274274|1.21209923||52UZPE01152001T01MT04EBS001H0075|52UZPE01152001T01MT04EBS001H0075F0075|3|1|1|2|52UZPE01152001T01MT04EBS001|900091143|CC|1085283868|ENFERMERA|52UZPE01152001T01MT04EBS001H0075F0075CF075|2025-08-14|4||1||3||1||2|2|11|5|2|2|20||2|13|0||1||1||1||1||2|2|1|1|1|1|1|2|2|2|2|2|2||2|2|1|2||6||1|2|2|1|2|1|2|2|1|52UZPE01152001T01MT04EBS001H007552UZPE01152001T01MT04EBS001H0075F0075
2|72|1|52|UZPE011|52001|T01|MT03|LOS DOS PUENTES|CALLE222617|-77.275131|1.217272||52UZPE01152001T01MT03EBS001H0076|52UZPE01152001T01MT03EBS001H0076F0076|2|1|1|1|52UZPE01152001T01MT03EBS001|900091143|CC|30722194|GESTORCOMUNITARIO|52UZPE01152001T01MT03EBS001H0076F0076CF076|2025-07-10|1||1||3||1||1|2|11|5|2|2|20||1|13|0||1||1||1||1||7|1|3|1|1|1|1|2|2|2|2|2|2||2|2|1|2||6||1|2|2|1|1|1|2|2|1|52UZPE01152001T01MT03EBS001H007652UZPE01152001T01MT03EBS001H0076F0076
2|73|1|52|UZPE011|52001|T01|MT03|LOS DOS PUENTES|CALLE222614|-77.275757|1.217445||52UZPE01152001T01MT03EBS001H0077|52UZPE01152001T01MT03EBS001H0077F0077|3|1|1|3|52UZPE01152001T01MT03EBS001|900091143|CC|1233191675|AUXILIARESDEENFERMERIA|52UZPE01152001T01MT03EBS001H0077F0077CF077|2025-07-13|5||1||3||4||2|2|11|2|2|2|7||1|13|0||1||1||1||1||1|3|2|2|1|1|2|2|2|2|2|2|2||2|2|1|1||6||1|2|2|1|1|1|2|2|1|52UZPE01152001T01MT03EBS001H007752UZPE01152001T01MT03EBS001H0077F0077
2|74|1|52|UZPE011|52001|T01|MT03|LOS DOS PUENTES|C22BIS24382|-77.276758|1.218491||52UZPE01152001T01MT03EBS001H0078|52UZPE01152001T01MT03EBS001H0078F0078|1|1|1|1|52UZPE01152001T01MT03EBS001|900091143|CC|1193271854|AUXILIARENFERMERIA|52UZPE01152001T01MT03EBS001H0078F0078CF078|2025-07-06|5||1||3||1||1|2|11|5|2|2|20||2|13|0||1||1||1||1||7|1|2|4|1|1|3|2|2|2|2|2|2||2|2|1|1||6||1|2|2|1|1|1|2|2|1|52UZPE01152001T01MT03EBS001H007852UZPE01152001T01MT03EBS001H0078F0078
2|75|1|52|UZPE011|52001|T01|MT03|LOS DOS PUENTES|CALLE222551|-77.277452|1.217861||52UZPE01152001T01MT03EBS001H0079|52UZPE01152001T01MT03EBS001H0079F0079|3|1|1|1|52UZPE01152001T01MT03EBS001|900091143|CC|1193271854|AUXILIARENFERMERIA|52UZPE01152001T01MT03EBS001H0079F0079CF079|2025-07-07|4||1||3||1||1|2|11|5|2|2|20||2|13|0||1||1||1||1||7|1|3|1|1|1|1|2|2|2|2|2|2||2|2|1|1||6||1|2|2|1|2|1|2|2|1|52UZPE01152001T01MT03EBS001H007952UZPE01152001T01MT03EBS001H0079F0079
2|76|1|52|UZPE011|52001|T01|MT03|LOS DOS PUENTES|CALLE222587|-77.276117|1.217025||52UZPE01152001T01MT03EBS001H0080|52UZPE01152001T01MT03EBS001H0080F0080|3|1|1|3|52UZPE01152001T01MT03EBS001|900091143|CC|1233191675|AUXILIARESDEENFERMERIA|52UZPE01152001T01MT03EBS001H0080F0080CF080|2025-07-07|1||1||3||2||3|2|10|2|2|2|7||2|13|0||1||1||1||1||2|3|1|1|1|1|3|2|2|2|2|2|2||2|2|1|1||6||1|2|2|1|2|1|2|2|1|52UZPE01152001T01MT03EBS001H008052UZPE01152001T01MT03EBS001H0080F0080
2|77|1|52|UZPE011|52001|T01|MT03|LOS DOS PUENTES|CALLE2225100|-77.275905|1.217447||52UZPE01152001T01MT03EBS001H0081|52UZPE01152001T01MT03EBS001H0081F0081|3|1|1|1|52UZPE01152001T01MT03EBS001|900091143|CC|1233191675|AUXILIARESDEENFERMERIA|52UZPE01152001T01MT03EBS001H0081F0081CF081|2025-07-07|5||1||3||1||1|2|1|2|2|2|7||1|13|0||1||1||1||1||7|1|1|1|1|1|2|2|2|2|2|2|2||2|2|1|2||6||1|2|2|1|1|1|2|2|1|52UZPE01152001T01MT03EBS001H008152UZPE01152001T01MT03EBS001H0081F0081
2|78|1|52|UZPE011|52001|T01|MT04|CENTRO|CRA20ABIS1980|-77.276218|1.210732||52UZPE01152001T01MT04EBS001H0082|52UZPE01152001T01MT04EBS001H0082F0082|2|1|1|2|52UZPE01152001T01MT04EBS001|900091143|CC|1233191675|AUXILIARESDEENFERMERIA|52UZPE01152001T01MT04EBS001H0082F0082CF082|2025-08-11|4||1||3||1||2|2|11|5|3|2|20||2|13|0||1||1||1||1||7|2|1|1|1|1|1|2|2|2|2|2|2||2|2|1|2||6||1|2|2|1|2|1|2|2|1|52UZPE01152001T01MT04EBS001H008252UZPE01152001T01MT04EBS001H0082F0082
2|79|1|52|UZPE011|52001|T01|MT04|CENTRO|CRA20A2011|-77.276154|1.211283||52UZPE01152001T01MT04EBS001H0083|52UZPE01152001T01MT04EBS001H0083F0083|2|1|1|3|52UZPE01152001T01MT04EBS001|900091143|CC|1233191675|AUXILIARESDEENFERMERIA|52UZPE01152001T01MT04EBS001H0083F0083CF083|2025-08-12|5||1||3||1||3|1|11|5|2|2|20||1|13|0||1||1||1||1||7|3|1|2|1|1|3|2|2|2|2|2|2||2|2|1|1||6||1|2|2|1|1|1|2|2|1|52UZPE01152001T01MT04EBS001H008352UZPE01152001T01MT04EBS001H0083F0083
2|80|1|52|UZPE011|52001|T01|MT03|LOS DOS PUENTES|CRA262213|-77.275594|1.217221||52UZPE01152001T01MT03EBS001H0084|52UZPE01152001T01MT03EBS001H0084F0084|3|1|1|1|52UZPE01152001T01MT03EBS001|900091143|CC|1085283868|ENFERMERA|52UZPE01152001T01MT03EBS001H0084F0084CF084|2025-07-07|1||1||3||1||1|2|11|5|2|2|8||2|13|0||1||1||1||1||1|1|3|1|1|1|1|2|2|2|2|2|2||2|2|2|2||6||2|2|2|1|1|1|2|2|1|52UZPE01152001T01MT03EBS001H008452UZPE01152001T01MT03EBS001H0084F0084
2|81|1|52|UZPE011|52001|T01|MT03|LOS DOS PUENTES|CALLE22B24302|-77.274097|1.21771||52UZPE01152001T01MT03EBS001H0085|52UZPE01152001T01MT03EBS001H0085F0085|1|1|1|1|52UZPE01152001T01MT03EBS001|900091143|CC|1233191675|AUXILIARESDEENFERMERIA|52UZPE01152001T01MT03EBS001H0085F0085CF085|2025-07-06|1||1||3||1||1|2|11|5|8|2|8||2|13|0||1||1||1||1||7|1|1|3|1|1|3|2|2|2|2|2|2||2|2|1|1||6||1|2|2|1|2|1|2|2|1|52UZPE01152001T01MT03EBS001H008552UZPE01152001T01MT03EBS001H0085F0085
3|82|ANA|PASTORA|ERAZO|RICAURTE|CC|30791670|1964-12-12|2|2|2|9998|2|1||3|07|||8|68.0|155|||2||||||||||||52UZPE01152001T01MT03EBS001H006952UZPE01152001T01MT03EBS001H0069F0069|52UZPE01152001T01MT03EBS001H006952UZPE01152001T01MT03EBS001H0069F0069CC30791670
3|83|LUIS|EDUARDO|RUIZ|NA|CC|12969791|1952-12-18|1|2|1|5169|2|1||3|07|||8|89.0|165|||2||||||||||||52UZPE01152001T01MT03EBS001H006952UZPE01152001T01MT03EBS001H0069F0069|52UZPE01152001T01MT03EBS001H006952UZPE01152001T01MT03EBS001H0069F0069CC12969791
3|84|DIANA|MARIXA|JARAMILLO|ENRIQUEZ|CC|1085317042|1994-11-16|2|2|3|9998|3|1||7|07|||8|50.0|152|||2||||||||||||52UZPE01152001T01MT03EBS001H005952UZPE01152001T01MT03EBS001H0059F0059|52UZPE01152001T01MT03EBS001H005952UZPE01152001T01MT03EBS001H0059F0059CC1085317042
3|85|MERI|DELCARMEN|ENRIQUEZ|MINO|CC|59829438|1975-03-13|2|2|1|9998|2|1||7|07|||8|54.0|146|||2||||||||||||52UZPE01152001T01MT03EBS001H005952UZPE01152001T01MT03EBS001H0059F0059|52UZPE01152001T01MT03EBS001H005952UZPE01152001T01MT03EBS001H0059F0059CC59829438
3|86|SANDRA|MILENA|MERA|LUMANA|CC|1085244354|1985-07-14|2|2|5|9998|3|1||7|07|||8|73.0|168|||2||||||||||||52UZPE01152001T01MT03EBS001H006252UZPE01152001T01MT03EBS001H0062F0062|52UZPE01152001T01MT03EBS001H006252UZPE01152001T01MT03EBS001H0062F0062CC1085244354
3|87|KATHERIN|JULIETH|MENESES|MERA|CC|1081053235|2004-09-12|2|2|3|9510|3|1||7|07|||8|68.0|156|||2||||||||||||52UZPE01152001T01MT03EBS001H006252UZPE01152001T01MT03EBS001H0062F0062|52UZPE01152001T01MT03EBS001H006252UZPE01152001T01MT03EBS001H0062F0062CC1081053235
3|88|LUIS|EDUARDO|LOPEZ|GUERRERO|CC|12999836|1969-11-02|1|2|5|9510|3|1||7|07|||8|70.0|163|||2||||||||||||52UZPE01152001T01MT03EBS001H005352UZPE01152001T01MT03EBS001H0053F0053|52UZPE01152001T01MT03EBS001H005352UZPE01152001T01MT03EBS001H0053F0053CC12999836
3|89|ROSA|MARINA|HERNANDEZ|SINSAJOA|CC|28072521|1946-08-30|2|2|6|9998|2|2||3|07|||3|50.0|148|||2||||||||||||52UZPE01152001T01MT03EBS001H008552UZPE01152001T01MT03EBS001H0085F0085|52UZPE01152001T01MT03EBS001H008552UZPE01152001T01MT03EBS001H0085F0085CC28072521
3|90|MARIA|MARINA|BASTIDAS|GUEVARA|CC|30711250|1945-11-14|2|2|5|9998|2|1||3|07|||2|55.0|148|||2||||||||||||52UZPE01152001T01MT03EBS001H000752UZPE01152001T01MT03EBS001H0007F0007|52UZPE01152001T01MT03EBS001H000752UZPE01152001T01MT03EBS001H0007F0007CC30711250
3|91|SANDRA|MARIA|BASTIDAS|NOTIENE|CC|59837202|1977-06-22|2|2|3|9998|3|1||7|07|||8|64.0|165|||2||||||||||||52UZPE01152001T01MT03EBS001H000752UZPE01152001T01MT03EBS001H0007F0007|52UZPE01152001T01MT03EBS001H000752UZPE01152001T01MT03EBS001H0007F0007CC59837202
3|92|SEGUANDA|ESPERANZA|BUCHELI|NOTIENE|CC|30710676|1947-02-24|2|2|1|9998|3|1||3|07|||8|60.0|151|||2||||||||||||52UZPE01152001T01MT03EBS001H004852UZPE01152001T01MT03EBS001H0048F0048|52UZPE01152001T01MT03EBS001H004852UZPE01152001T01MT03EBS001H0048F0048CC30710676
3|93|MARIO|ANDRES|BASTIDAS|DEVRIAS|CC|1085319025|1959-10-16|1|2|3|9510|3|1||3|07|||8|70.0|169|||2||||||||||||52UZPE01152001T01MT03EBS001H002152UZPE01152001T01MT03EBS001H0021F0021|52UZPE01152001T01MT03EBS001H002152UZPE01152001T01MT03EBS001H0021F0021CC1085319025
3|94|MARIO|FERNANDO|BASTIDAS|LINCE|CC|12994968|1969-01-09|1|2|1|9510|3|1||7|07|||8|79.0|170|||2||||||||||||52UZPE01152001T01MT03EBS001H002152UZPE01152001T01MT03EBS001H0021F0021|52UZPE01152001T01MT03EBS001H002152UZPE01152001T01MT03EBS001H0021F0021CC12994968
3|95|GLORIA|CECILIA|BASTIDAS|LINCE|CC|30726400|1959-10-16|2|2|1|9998|2|1||3|07|||8|60.0|148|||2||||||||||||52UZPE01152001T01MT03EBS001H000352UZPE01152001T01MT03EBS001H0003F0003|52UZPE01152001T01MT03EBS001H000352UZPE01152001T01MT03EBS001H0003F0003CC30726400
3|96|ALICIA|POLICARPA|VILLOTA|MINAYO|CC|59829005|1932-08-23|2|2|1|9998|2|1||3|07|||2|48.0|145|||2||||||||||||52UZPE01152001T01MT03EBS001H007852UZPE01152001T01MT03EBS001H0078F0078|52UZPE01152001T01MT03EBS001H007852UZPE01152001T01MT03EBS001H0078F0078CC59829005
3|97|MARIA|EVANGELINA|HIGIDIO|DECASTRO|CC|27084478|1957-01-30|2|2|5|9998|2|1||3|07|||8|60.0|146|||2||||||||||||52UZPE01152001T01MT03EBS001H002052UZPE01152001T01MT03EBS001H0020F0020|52UZPE01152001T01MT03EBS001H002052UZPE01152001T01MT03EBS001H0020F0020CC27084478
3|98|JOSE|OSCAR|CASTRO|DELACRUZ|CC|12952656|1947-07-15|1|2|1|5169|2|1||3|07|||8|50.0|154|||2||||||||||||52UZPE01152001T01MT03EBS001H002052UZPE01152001T01MT03EBS001H0020F0020|52UZPE01152001T01MT03EBS001H002052UZPE01152001T01MT03EBS001H0020F0020CC12952656
3|99|FRANCY|LORENA|CASTRO|HIGIDIO|CC|1085307042|1993-10-14|2|2|3|9998|7|1||7|07|||8|60.0|146|||2||||||||||||52UZPE01152001T01MT03EBS001H002052UZPE01152001T01MT03EBS001H0020F0020|52UZPE01152001T01MT03EBS001H002052UZPE01152001T01MT03EBS001H0020F0020CC1085307042
3|100|PAOLA|NA|CASTRO|HIGIDIO|CC|1085291618|1991-09-15|2|2|4|5169|7|2||7|07|||8|64.0|155|||2||||||||||||52UZPE01152001T01MT03EBS001H002052UZPE01152001T01MT03EBS001H0020F0020|52UZPE01152001T01MT03EBS001H002052UZPE01152001T01MT03EBS001H0020F0020CC1085291618
3|101|LUIS|ENRRIQUE|MORA|DIAZ|CC|12959162|1952-05-20|1|2|1|9998|9|1||3|07|||8|70.0|170|||2||||||||||||52UZPE01152001T01MT03EBS001H003652UZPE01152001T01MT03EBS001H0036F0036|52UZPE01152001T01MT03EBS001H003652UZPE01152001T01MT03EBS001H0036F0036CC12959162
3|102|LUCY|TRINIDAD|SOLARTE|NO|CC|27302511|1978-02-24|2|2|2|5169|7|2||7|07|||8|60.0|158|||2||||||||||||52UZPE01152001T01MT03EBS001H003652UZPE01152001T01MT03EBS001H0036F0036|52UZPE01152001T01MT03EBS001H003652UZPE01152001T01MT03EBS001H0036F0036CC27302511
3|103|LUIS|ALEJANDRO|MORA|SOLARTE|CC|1120097447|2005-02-14|1|2|3|9998|9|1||7|07|||8|65.0|175|||2||||||||||||52UZPE01152001T01MT03EBS001H001552UZPE01152001T01MT03EBS001H0015F0015|52UZPE01152001T01MT03EBS001H001552UZPE01152001T01MT03EBS001H0015F0015CC1120097447
3|104|CARLOS|HERNANDO|PONSE|RODRIGUEZ|CC|12973118|1956-01-31|1|2|1|5169|9|1||3|07|||8|56.0|165|||2||||||||||||52UZPE01152001T01MT03EBS001H008152UZPE01152001T01MT03EBS001H0081F0081|52UZPE01152001T01MT03EBS001H008152UZPE01152001T01MT03EBS001H0081F0081CC12973118
3|105|BLANCA|ROSARIO|SANCHEZ|TOVAR|CC|30735640|1963-01-15|2|2|1|9998|2|1||3|07|||8|59.0|158|||2||||||||||||52UZPE01152001T01MT03EBS001H007952UZPE01152001T01MT03EBS001H0079F0079|52UZPE01152001T01MT03EBS001H007952UZPE01152001T01MT03EBS001H0079F0079CC30735640
3|106|ALBERTO|EDMUNDO|SANCHEZ|NO|CC|12966035|1958-07-07|1|2|1|9998|6|1||3|07|||8|55.0|158|||2||||||||||||52UZPE01152001T01MT03EBS001H001152UZPE01152001T01MT03EBS001H0011F0011|52UZPE01152001T01MT03EBS001H001152UZPE01152001T01MT03EBS001H0011F0011CC12966035
3|107|JORDAN|MAICKY|LUGMANA|GUERRERO|CC|1004216121|2003-11-16|1|2|3|9998|3|1||7|07|||8|70.0|168|||2||||||||||||52UZPE01152001T01MT03EBS001H005252UZPE01152001T01MT03EBS001H0052F0052|52UZPE01152001T01MT03EBS001H005252UZPE01152001T01MT03EBS001H0052F0052CC1004216121
3|108|JOSE|FRANCISCO|LUGMANA|RODRIGUEZ|CC|98380250|1971-06-27|1|2|5|9998|3|1||4|07|||1|75.0|168|||2||||||||||||52UZPE01152001T01MT03EBS001H005252UZPE01152001T01MT03EBS001H0052F0052|52UZPE01152001T01MT03EBS001H005252UZPE01152001T01MT03EBS001H0052F0052CC98380250
3|109|ANA|LUCIA|GUERRERO|NA|CC|27388141|1970-10-13|2|2|5|9510|3|1||7|07|||8|58.0|150|||2||||||||||||52UZPE01152001T01MT03EBS001H005252UZPE01152001T01MT03EBS001H0052F0052|52UZPE01152001T01MT03EBS001H005252UZPE01152001T01MT03EBS001H0052F0052CC27388141
3|110|ANGELITA|NA|RODRIGUEZ|NARVAEZ|CC|27068294|1936-03-15|2|2|5|9998|2|1||3|07|||8|60.0|158|||2||||||||||||52UZPE01152001T01MT03EBS001H005252UZPE01152001T01MT03EBS001H0052F0052|52UZPE01152001T01MT03EBS001H005252UZPE01152001T01MT03EBS001H0052F0052CC27068294
3|111|CARLOS|ENRIQUE|BUSTAMANTE|DELACRUZ|CC|12968129|1958-07-06|1|2|4|9998|7|1||3|07|||8|14.5|180|||2||||||||||||52UZPE01152001T01MT03EBS001H008052UZPE01152001T01MT03EBS001H0080F0080|52UZPE01152001T01MT03EBS001H008052UZPE01152001T01MT03EBS001H0080F0080CC12968129
3|112|MARIA|ISABEL|BUSTAMANTE|DELACRUZ|CC|59814831|1969-11-04|2|2|1|9998|9|2||7|07|||8|63.0|169|||2||||||||||||52UZPE01152001T01MT03EBS001H008052UZPE01152001T01MT03EBS001H0080F0080|52UZPE01152001T01MT03EBS001H008052UZPE01152001T01MT03EBS001H0080F0080CC59814831
3|113|SANDRA|LILIANA|ACOSTA|SACANAMBUY|CC|36754316|1970-08-11|2|2|5|5169|9|2||7|07|||8|71.0|162|||2||||||||||||52UZPE01152001T01MT03EBS001H006852UZPE01152001T01MT03EBS001H0068F0068|52UZPE01152001T01MT03EBS001H006852UZPE01152001T01MT03EBS001H0068F0068CC36754316
3|114|LILIANA|ANGELICA|REINA|MUNOZ|CC|27212751|1965-10-15|2|2|5|9622|3|2||7|07|||8|73.0|162|||2||||||||||||52UZPE01152001T01MT03EBS001H002652UZPE01152001T01MT03EBS001H0026F0026|52UZPE01152001T01MT03EBS001H002652UZPE01152001T01MT03EBS001H0026F0026CC27212751
3|115|MARTHA|BEATRIZ|PAREDES|DEDIIAZ|CC|27529253|1943-10-11|2|2|5|9510|3|1||3|07|||8|53.0|153|||2||||||||||||52UZPE01152001T01MT03EBS001H001952UZPE01152001T01MT03EBS001H0019F0019|52UZPE01152001T01MT03EBS001H001952UZPE01152001T01MT03EBS001H0019F0019CC27529253
3|116|MARTHA|DELSOCORRO|BOLANOS|MORALES|CC|27072943|1943-11-09|2|2|5|9998|3|1||3|07|||8|40.0|135|||2||||||||||||52UZPE01152001T01MT03EBS001H001752UZPE01152001T01MT03EBS001H0017F0017|52UZPE01152001T01MT03EBS001H001752UZPE01152001T01MT03EBS001H0017F0017CC27072943
3|117|EDGAR|OSWALDO|CANAR|BOLANOS|CC|12745528|1981-03-22|1|2|3|9622|3|1||7|07|||8|73.0|164|||2||||||||||||52UZPE01152001T01MT03EBS001H001752UZPE01152001T01MT03EBS001H0017F0017|52UZPE01152001T01MT03EBS001H001752UZPE01152001T01MT03EBS001H0017F0017CC12745528
3|118|MARI|LUZ|BARAHONA|NA|CC|27069056|1942-09-12|2|2|1|9998|9|2||3|07|||1|45.0|160|||2||||||||||||52UZPE01152001T01MT03EBS001H000252UZPE01152001T01MT03EBS001H0002F0002|52UZPE01152001T01MT03EBS001H000252UZPE01152001T01MT03EBS001H0002F0002CC27069056
3|119|SONIA|YANELA|BENAVIDES|TAPUE|CC|1087006362|2005-07-09|2|2|6|9998|5|1||7|07|||8|66.0|160|||2||||||||||||52UZPE01152001T01MT03EBS001H000252UZPE01152001T01MT03EBS001H0002F0002|52UZPE01152001T01MT03EBS001H000252UZPE01152001T01MT03EBS001H0002F0002CC1087006362
3|120|MARIA|CLEMENCIA|CORDOBA|ROSERO|CC|27075155|1947-03-29|2|2|5|9998|2|1||3|07|||8|58.0|148|||2||||||||||||52UZPE01152001T01MT03EBS001H002552UZPE01152001T01MT03EBS001H0025F0025|52UZPE01152001T01MT03EBS001H002552UZPE01152001T01MT03EBS001H0025F0025CC27075155
3|121|LUIS|EFRAIN|ARTEAGA|GARCIA|CC|13060307|1954-12-15|1|2|1|9998|9|2||3|07|||8|70.0|175|||2||||||||||||52UZPE01152001T01MT03EBS001H005052UZPE01152001T01MT03EBS001H0050F0050|52UZPE01152001T01MT03EBS001H005052UZPE01152001T01MT03EBS001H0050F0050CC13060307
3|122|MARIA|TEONILA|ORTEGA|MORIANO|CC|30745906|1970-01-04|2|2|2|5169|9|2||7|07|||8|54.0|155|||2||||||||||||52UZPE01152001T01MT03EBS001H004752UZPE01152001T01MT03EBS001H0047F0047|52UZPE01152001T01MT03EBS001H004752UZPE01152001T01MT03EBS001H0047F0047CC30745906
3|123|CARLOS|JULIO|PULIDO|NA|CC|79169158|1977-08-15|1|2|2|5169|7|1||4|07|||1|68.0|168|||2||||||||||||52UZPE01152001T01MT03EBS001H004752UZPE01152001T01MT03EBS001H0047F0047|52UZPE01152001T01MT03EBS001H004752UZPE01152001T01MT03EBS001H0047F0047CC79169158
3|124|FLOR|ELIZA|DELGADO|ROSERO|CC|30746498|1967-12-01|2|2|1|9510|3|1||7|07|||8|55.0|149|||2||||||||||||52UZPE01152001T01MT03EBS001H002952UZPE01152001T01MT03EBS001H0029F0029|52UZPE01152001T01MT03EBS001H002952UZPE01152001T01MT03EBS001H0029F0029CC30746498
3|125|ELIBERTO|NO|TORRES|PAZ|CC|1798498|1984-05-24|1|2|2|9998|3|2||4|07|||2|68.0|160|||2||||||||||||52UZPE01152001T01MT03EBS001H003152UZPE01152001T01MT03EBS001H0031F0031|52UZPE01152001T01MT03EBS001H003152UZPE01152001T01MT03EBS001H0031F0031CC1798498
3|126|AURELIA|LIZA|GARGIA|DETORRES|CC|27074489|1941-09-02|2|2|2|9998|3|2||3|07|||3|55.0|148|||2||||||||||||52UZPE01152001T01MT03EBS001H003152UZPE01152001T01MT03EBS001H0031F0031|52UZPE01152001T01MT03EBS001H003152UZPE01152001T01MT03EBS001H0031F0031CC27074489
3|127|ROCIO|DELCARMEN|TORRES|GARCIA|CC|59013495|1968-05-06|2|2|1|9998|3|1||7|07|||8|68.0|170|||2||||||||||||52UZPE01152001T01MT03EBS001H004952UZPE01152001T01MT03EBS001H0049F0049|52UZPE01152001T01MT03EBS001H004952UZPE01152001T01MT03EBS001H0049F0049CC59013495
3|128|CLAUDIO|EDMUNDO|YARPAZ|BURBANO|CC|5197551|1941-05-25|1|2|5|9998|3|2||3|07|||8|60.0|168|||2||||||||||||52UZPE01152001T01MT03EBS001H005452UZPE01152001T01MT03EBS001H0054F0054|52UZPE01152001T01MT03EBS001H005452UZPE01152001T01MT03EBS001H0054F0054CC5197551
3|129|HENRY|EDMUNDO|YARPAZ|BURBANO|CC|98381328|1971-04-09|1|2|3|9510|2|1||7|07|||8|70.0|167|||2||||||||||||52UZPE01152001T01MT03EBS001H005452UZPE01152001T01MT03EBS001H0054F0054|52UZPE01152001T01MT03EBS001H005452UZPE01152001T01MT03EBS001H0054F0054CC98381328
3|130|SEBASITIAN|NA|MARTINEZ|VILLLOTA|CC|1010129543|2000-10-20|1|2|3|9998|4|1||7|07|||8|68.0|175|||2||||||||||||52UZPE01152001T01MT03EBS001H008452UZPE01152001T01MT03EBS001H0084F0084|52UZPE01152001T01MT03EBS001H008452UZPE01152001T01MT03EBS001H0084F0084CC1010129543
3|131|LUIS|MANUEL|QUINTANA|RIVAS|CC|20712241|1985-05-12|1|2|1|9510|2|5||7|07|||8|87.0|178|||2||||||||||||52UZPE01152001T01MT03EBS001H004652UZPE01152001T01MT03EBS001H0046F0046|52UZPE01152001T01MT03EBS001H004652UZPE01152001T01MT03EBS001H0046F0046CC20712241
3|132|MIRIAM|NA|VELEZ|LOPEZ|CC|27074079|1943-12-27|2|2|1|9998|2|1||3|07|||8|57.0|160|||2||||||||||||52UZPE01152001T01MT03EBS001H006452UZPE01152001T01MT03EBS001H0064F0064|52UZPE01152001T01MT03EBS001H006452UZPE01152001T01MT03EBS001H0064F0064CC27074079
3|133|JAIME|GILBERTO|TAKEZ|BURBANO|CC|13012175|1963-08-01|1|2|4|9998|3|1||3|07|||2|53.0|167|||2||||||||||||52UZPE01152001T01MT03EBS001H005852UZPE01152001T01MT03EBS001H0058F0058|52UZPE01152001T01MT03EBS001H005852UZPE01152001T01MT03EBS001H0058F0058CC13012175
3|134|RUTH|ESPERANZA|TAQUES|BURBANO|CC|36990373|1951-10-29|2|2|1|9998|3|1||3|07|||1|59.0|147|||2||||||||||||52UZPE01152001T01MT03EBS001H005852UZPE01152001T01MT03EBS001H0058F0058|52UZPE01152001T01MT03EBS001H005852UZPE01152001T01MT03EBS001H0058F0058CC36990373
3|135|MARIA|ISABEL|ROSERO|CORDOBA|CC|10852899677|1991-03-08|2|2|3|5169|8|2||7|07|||8|61.0|160|||2||||||||||||52UZPE01152001T01MT03EBS001H006152UZPE01152001T01MT03EBS001H0061F0061|52UZPE01152001T01MT03EBS001H006152UZPE01152001T01MT03EBS001H0061F0061CC10852899677
3|136|SONIA|ESMERALDA|TARAPUEZ|ERASO|CC|1085300645|1992-10-16|2|2|5|5169|7|2||7|07|||8|50.0|160|||2||||||||||||52UZPE01152001T01MT03EBS001H002252UZPE01152001T01MT03EBS001H0022F0022|52UZPE01152001T01MT03EBS001H002252UZPE01152001T01MT03EBS001H0022F0022CC1085300645
3|137|SEBASITIAN|CAMILO|TIMANA|RIASCOS|CC|1085347586|1999-11-19|1|2|1|9998|2|1||7|07|||8|82.0|169|||2||||||||||||52UZPE01152001T01MT03EBS001H005652UZPE01152001T01MT03EBS001H0056F0056|52UZPE01152001T01MT03EBS001H005652UZPE01152001T01MT03EBS001H0056F0056CC1085347586
3|138|LIDEA|JIMENA|PINCHAO|ATIZ|CC|1085915841|1988-09-17|2|2|1|9510|3|1||7|07|||8|59.0|147|||2||||||||||||52UZPE01152001T01MT03EBS001H001852UZPE01152001T01MT03EBS001H0018F0018|52UZPE01152001T01MT03EBS001H001852UZPE01152001T01MT03EBS001H0018F0018CC1085915841
3|139|LUZ|DARY|ROJAS|CRIOLLO|CC|59816705|1969-11-17|2|2|2|9510|3|2||7|07|||8|55.0|157|||2||||||||||||52UZPE01152001T01MT03EBS001H001052UZPE01152001T01MT03EBS001H0010F0010|52UZPE01152001T01MT03EBS001H001052UZPE01152001T01MT03EBS001H0010F0010CC59816705
3|140|JOSE|ALBERTO|CRIOLLO|MARTINEZ|CC|12984251|1960-09-26|1|2|1|9510|3|2||3|07|||8|70.0|167|||2||||||||||||52UZPE01152001T01MT03EBS001H001052UZPE01152001T01MT03EBS001H0010F0010|52UZPE01152001T01MT03EBS001H001052UZPE01152001T01MT03EBS001H0010F0010CC12984251
3|141|JOHAN|SEBASTIAN|SOLIZ|ORTIZ|CC|1010142325|2000-05-22|1|2|3|9998|9|2||7|05|||8|78.0|178|||2||||||||||||52UZPE01152001T01MT03EBS001H003452UZPE01152001T01MT03EBS001H0034F0034|52UZPE01152001T01MT03EBS001H003452UZPE01152001T01MT03EBS001H0034F0034CC1010142325
3|142|LUCIO|EFRAIN|OBANDO|NO|CC|12970913|1957-09-24|1|2|2|9998|9|2||3|07|||8|70.0|175|||2||||||||||||52UZPE01152001T01MT03EBS001H001652UZPE01152001T01MT03EBS001H0016F0016|52UZPE01152001T01MT03EBS001H001652UZPE01152001T01MT03EBS001H0016F0016CC12970913
3|143|YOLANDA|MARGOTH|ACOSTADA|GUATARILLA|CC|30729433|1960-08-05|2|2|2|9998|7|2||3|07|||8|65.0|160|||2||||||||||||52UZPE01152001T01MT03EBS001H001652UZPE01152001T01MT03EBS001H0016F0016|52UZPE01152001T01MT03EBS001H001652UZPE01152001T01MT03EBS001H0016F0016CC30729433
3|144|NATHALY|NA|ROSERO|CORDOBA|CC|108534364|1998-12-14|2|2|3|9998|9|1||7|07|||8|64.0|162|||2||||||||||||52UZPE01152001T01MT03EBS001H007252UZPE01152001T01MT03EBS001H0072F0072|52UZPE01152001T01MT03EBS001H007252UZPE01152001T01MT03EBS001H0072F0072CC108534364
3|145|PAULA|ANDREA|LOPEZ|VARGAS|CC|1082154508|2006-08-08|2|2|3|9998|9|2||7|07|||8|68.0|164|||2||||||||||||52UZPE01152001T01MT03EBS001H000652UZPE01152001T01MT03EBS001H0006F0006|52UZPE01152001T01MT03EBS001H000652UZPE01152001T01MT03EBS001H0006F0006CC1082154508
3|146|CIELO|MARLENE|MUNOZ|HIDALGO|CC|30710165|1958-05-12|2|2|1|9998|5|2||3|07|||8|70.0|165|||2||||||||||||52UZPE01152001T01MT03EBS001H006052UZPE01152001T01MT03EBS001H0060F0060|52UZPE01152001T01MT03EBS001H006052UZPE01152001T01MT03EBS001H0060F0060CC30710165
3|147|FLOR|MONICA|BURGOS|N|CC|3104217161|1960-07-11|2|2|1|9998|5|1||3|07|||8|50.0|155|||2||||||||||||52UZPE01152001T01MT03EBS001H007052UZPE01152001T01MT03EBS001H0070F0070|52UZPE01152001T01MT03EBS001H007052UZPE01152001T01MT03EBS001H0070F0070CC3104217161
3|148|AURA|ANGELICA|PORTILLA|BURBANO|CC|27531361|1943-03-23|2|2|5|9998|3|2||3|07|||8|60.0|150|||2||||||||||||52UZPE01152001T01MT03EBS001H004152UZPE01152001T01MT03EBS001H0041F0041|52UZPE01152001T01MT03EBS001H004152UZPE01152001T01MT03EBS001H0041F0041CC27531361
3|149|MARIA|LEONILA|CHAVEZ|DECASTILLO|CC|27119858|1941-01-12|2|2|6|9998|5|1||3|07|||8|58.0|150|||2||||||||||||52UZPE01152001T01MT03EBS001H002352UZPE01152001T01MT03EBS001H0023F0023|52UZPE01152001T01MT03EBS001H002352UZPE01152001T01MT03EBS001H0023F0023CC27119858
3|150|FERNANDO|GUILLERMO|CASTILLO|CHAVEZ|CC|12990808|1966-11-14|1|2|1|9510|5|1||7|07|||8|79.0|166|||2||||||||||||52UZPE01152001T01MT03EBS001H002352UZPE01152001T01MT03EBS001H0023F0023|52UZPE01152001T01MT03EBS001H002352UZPE01152001T01MT03EBS001H0023F0023CC12990808
3|151|JAIME|N|GOMEZ|GONZALES|CC|5197313|1942-11-01|1|2|1|9998|5|2||3|07|||8|55.0|155|||2||||||||||||52UZPE01152001T01MT03EBS001H004252UZPE01152001T01MT03EBS001H0042F0042|52UZPE01152001T01MT03EBS001H004252UZPE01152001T01MT03EBS001H0042F0042CC5197313
3|152|LIBIA|MERCEDES|MARTINES|DEGOMEZ|CC|27070786|1945-03-01|2|2|1|9998|5|2||3|07|||8|49.0|142|||2||||||||||||52UZPE01152001T01MT03EBS001H004252UZPE01152001T01MT03EBS001H0042F0042|52UZPE01152001T01MT03EBS001H004252UZPE01152001T01MT03EBS001H0042F0042CC27070786
3|153|HENRY|WILLIAM|GUZMAN|ORTIZ|CC|98399833|1977-12-02|1|2|1|9510|5|1||7|07|||8|65.0|187|||2||||||||||||52UZPE01152001T01MT03EBS001H007652UZPE01152001T01MT03EBS001H0076F0076|52UZPE01152001T01MT03EBS001H007652UZPE01152001T01MT03EBS001H0076F0076CC98399833
3|154|LUIS|ARTURO|MERA|NA|CC|5278945|1961-01-01|1|2|2|9510|3|1||3|07|||8|63.0|156|||2||||||||||||52UZPE01152001T01MT03EBS001H003052UZPE01152001T01MT03EBS001H0030F0030|52UZPE01152001T01MT03EBS001H003052UZPE01152001T01MT03EBS001H0030F0030CC5278945
3|155|JOSE|FELIX|MARTINEZ|MORA|CC|12973062|1959-12-31|1|2|2|9998|2|1||3|07|||8|64.0|162|||2||||||||||||52UZPE01152001T01MT03EBS001H001252UZPE01152001T01MT03EBS001H0012F0012|52UZPE01152001T01MT03EBS001H001252UZPE01152001T01MT03EBS001H0012F0012CC12973062
3|156|ANA|LUCIA|VILLORA|CASTRO|CC|30732937|1964-10-26|2|2|5|9510|2|1||3|07|||8|70.0|160|||2||||||||||||52UZPE01152001T01MT03EBS001H001252UZPE01152001T01MT03EBS001H0012F0012|52UZPE01152001T01MT03EBS001H001252UZPE01152001T01MT03EBS001H0012F0012CC30732937
3|157|EDGAR|GILBERTO|MAYA|CASANOVA|CC|12964604|1958-07-02|1|2|1|9510|5|1||3|07|||8|72.0|167|||2||||||||||||52UZPE01152001T01MT03EBS001H007752UZPE01152001T01MT03EBS001H0077F0077|52UZPE01152001T01MT03EBS001H007752UZPE01152001T01MT03EBS001H0077F0077CC12964604
3|158|CARMEN|ROSA|LAZO|NA|CC|52090604|1962-10-25|2|2|5|9998|3|1||3|07|||3|64.0|160|||2||||||||||||52UZPE01152001T01MT03EBS001H007752UZPE01152001T01MT03EBS001H0077F0077|52UZPE01152001T01MT03EBS001H007752UZPE01152001T01MT03EBS001H0077F0077CC52090604
3|159|JERSON|MATEO|MAYA|LAZO|CC|1085266756|1988-07-30|1|2|3|9998|3|1||7|07|||8|54.0|160|||2||||||||||||52UZPE01152001T01MT03EBS001H007752UZPE01152001T01MT03EBS001H0077F0077|52UZPE01152001T01MT03EBS001H007752UZPE01152001T01MT03EBS001H0077F0077CC1085266756
3|160|GABRIEL|OLIVO|JOJOA|JAGUANDOY|CC|12969157|1967-03-02|1|2|2|9998|2|1||7|07|||8|78.0|159|||2||||||||||||52UZPE01152001T01MT03EBS001H000952UZPE01152001T01MT03EBS001H0009F0009|52UZPE01152001T01MT03EBS001H000952UZPE01152001T01MT03EBS001H0009F0009CC12969157
3|161|MARIA|GRACIELA|CASANOVA|NA|CC|30738114|1960-03-07|2|2|1|9998|2|1||3|07|||8|78.0|158|||2||||||||||||52UZPE01152001T01MT03EBS001H000952UZPE01152001T01MT03EBS001H0009F0009|52UZPE01152001T01MT03EBS001H000952UZPE01152001T01MT03EBS001H0009F0009CC30738114
3|162|VICTOR|HUGO|RICAURTE|VALLEJO|CC|1085309896|1993-12-09|1|2|3|5169|7|1||7|07|||8|59.0|160|||2||||||||||||52UZPE01152001T01MT03EBS001H006352UZPE01152001T01MT03EBS001H0063F0063|52UZPE01152001T01MT03EBS001H006352UZPE01152001T01MT03EBS001H0063F0063CC1085309896
3|163|LUZ|MIRIAM|BENAVIDEZ|VERA|CC|30732040|1960-06-08|2|2|5|9998|3|1||3|07|||8|44.0|155|||2||||||||||||52UZPE01152001T01MT03EBS001H007152UZPE01152001T01MT03EBS001H0071F0071|52UZPE01152001T01MT03EBS001H007152UZPE01152001T01MT03EBS001H0071F0071CC30732040
3|164|ANA|NT|MORENO|ASTORQUIZA|CC|30745440|1968-08-10|2|2|6|9998|3|1||7|07|||8|70.0|154|||2||||||||||||52UZPE01152001T01MT03EBS001H002752UZPE01152001T01MT03EBS001H0027F0027|52UZPE01152001T01MT03EBS001H002752UZPE01152001T01MT03EBS001H0027F0027CC30745440
3|165|BETTY|ALICIA|RAMAS|ARCE|CC|30711068|1956-06-09|2|2|1|9998|3|1||3|07|||1|97.0|150|||2||||||||||||52UZPE01152001T01MT04EBS001H002852UZPE01152001T01MT04EBS001H0028F0028|52UZPE01152001T01MT04EBS001H002852UZPE01152001T01MT04EBS001H0028F0028CC30711068
3|166|YENNI|MARIBEL|JIMENEZ|NARVAEZ|CC|59835637|1975-07-08|2|2|2|9510|3|1||7|07|||8|74.0|160|||2||||||||||||52UZPE01152001T01MT04EBS001H000452UZPE01152001T01MT04EBS001H0004F0004|52UZPE01152001T01MT04EBS001H000452UZPE01152001T01MT04EBS001H0004F0004CC59835637
3|167|JAVIER|IVAN|CUARAN|RAMOS|CC|5208880|1977-08-26|1|2|1|5169|9|1||7|07|||8|11.5|170|||2||||||||||||52UZPE01152001T01MT04EBS001H000452UZPE01152001T01MT04EBS001H0004F0004|52UZPE01152001T01MT04EBS001H000452UZPE01152001T01MT04EBS001H0004F0004CC5208880
3|168|FANNY|IRMA|NARVAEZ|CABRERA|CC|27071678|1936-05-30|2|2|1|9998|3|1||3|07|||2|50.0|155|||2||||||||||||52UZPE01152001T01MT04EBS001H008252UZPE01152001T01MT04EBS001H0082F0082|52UZPE01152001T01MT04EBS001H008252UZPE01152001T01MT04EBS001H0082F0082CC27071678
3|169|HERNAN|JAVIER|NARVAEZ|CABRERA|CC|12953742|1949-10-18|1|2|4|9510|2|1||3|07|||3|75.0|160|||2||||||||||||52UZPE01152001T01MT04EBS001H008252UZPE01152001T01MT04EBS001H0082F0082|52UZPE01152001T01MT04EBS001H008252UZPE01152001T01MT04EBS001H0082F0082CC12953742
3|170|AIDA|MIRIAN|VELASQUEZ|ROSERO|CC|30725127|1960-09-14|2|2|2|9510|2|1||3|07|||8|71.0|155|||2||||||||||||52UZPE01152001T01MT04EBS001H000852UZPE01152001T01MT04EBS001H0008F0008|52UZPE01152001T01MT04EBS001H000852UZPE01152001T01MT04EBS001H0008F0008CC30725127
3|171|SEGUNDO|AGUSTIN|REALPE|ROSERO|CC|12957674|1951-08-12|1|2|2|9510|2|1||3|07|||8|74.0|160|||2||||||||||||52UZPE01152001T01MT04EBS001H000852UZPE01152001T01MT04EBS001H0008F0008|52UZPE01152001T01MT04EBS001H000852UZPE01152001T01MT04EBS001H0008F0008CC12957674
3|172|JULIA|MARLENY|REALPE|ROSERO|CC|30720827|1961-04-02|2|2|2|9998|2|1||3|07|||3|55.0|140|||2||||||||||||52UZPE01152001T01MT04EBS001H003552UZPE01152001T01MT04EBS001H0035F0035|52UZPE01152001T01MT04EBS001H003552UZPE01152001T01MT04EBS001H0035F0035CC30720827
3|173|LIZARDO|LEON|ORTIZ|LOPEZ|CC|12981613|1963-11-15|1|2|2|5169|5|2||3|07|||8|80.0|176|||2||||||||||||52UZPE01152001T01MT04EBS001H003552UZPE01152001T01MT04EBS001H0035F0035|52UZPE01152001T01MT04EBS001H003552UZPE01152001T01MT04EBS001H0035F0035CC12981613
3|174|KAREN|YULIETH|LUNA|REALPE|CC|1080042569|2004-11-26|2|2|3|9998|5|2||7|07|||8|62.0|160|||2||||||||||||52UZPE01152001T01MT04EBS001H006752UZPE01152001T01MT04EBS001H0067F0067|52UZPE01152001T01MT04EBS001H006752UZPE01152001T01MT04EBS001H0067F0067CC1080042569
3|175|YAMILE|ALEXANDRA|REALPE|ROSERO|CC|598318150|1974-10-03|2|2|1|9510|3|2||7|07|||8|59.0|155|||2||||||||||||52UZPE01152001T01MT04EBS001H006752UZPE01152001T01MT04EBS001H0067F0067|52UZPE01152001T01MT04EBS001H006752UZPE01152001T01MT04EBS001H0067F0067CC598318150
3|176|ANYELO|ALEXANDER|SANTACRUZ|LUNA|CC|1004135657|2003-09-29|1|2|3|9998|3|1||7|07|||8|68.0|177|||2||||||||||||52UZPE01152001T01MT04EBS001H005552UZPE01152001T01MT04EBS001H0055F0055|52UZPE01152001T01MT04EBS001H005552UZPE01152001T01MT04EBS001H0055F0055CC1004135657
3|177|LEANDRA|YEDALID|LUNA|PALACIOS|CC|36753675|1978-05-02|2|2|1|9622|3|1||7|07|||8|67.0|153|||2||||||||||||52UZPE01152001T01MT04EBS001H005552UZPE01152001T01MT04EBS001H0055F0055|52UZPE01152001T01MT04EBS001H005552UZPE01152001T01MT04EBS001H0055F0055CC36753675
3|178|HENRY|JESUS|LUNA|PALACIOS|CC|98386520|1973-12-06|1|2|3|9510|3|1||7|07|||8|80.0|173|||2||||||||||||52UZPE01152001T01MT04EBS001H004552UZPE01152001T01MT04EBS001H0045F0045|52UZPE01152001T01MT04EBS001H004552UZPE01152001T01MT04EBS001H0045F0045CC98386520
3|179|MARIA|LAURENCIA|PALACIOS|DELUNA|CC|27078887|1942-05-14|2|2|5|9998|2|1||3|07|||8|59.0|150|||2||||||||||||52UZPE01152001T01MT04EBS001H004552UZPE01152001T01MT04EBS001H0045F0045|52UZPE01152001T01MT04EBS001H004552UZPE01152001T01MT04EBS001H0045F0045CC27078887
3|180|NANCY|DELSOCORRO|VAJELLO|MESAS|CC|30739613|1964-01-04|2|2|2|9510|3|1||3|07|||8|78.0|160|||2||||||||||||52UZPE01152001T01MT04EBS001H007452UZPE01152001T01MT04EBS001H0074F0074|52UZPE01152001T01MT04EBS001H007452UZPE01152001T01MT04EBS001H0074F0074CC30739613
3|181|JAIME|HERMUNDO|MAYA|PEREZ|CC|12967859|1959-05-20|1|2|1|9510|3|1||3|07|||8|69.0|155|||2||||||||||||52UZPE01152001T01MT04EBS001H007452UZPE01152001T01MT04EBS001H0074F0074|52UZPE01152001T01MT04EBS001H007452UZPE01152001T01MT04EBS001H0074F0074CC12967859
3|182|GLORIA|MERCEDES|MORENO|BAREZ|CC|27077924|1948-08-07|2|2|1|9998|2|2||3|07|||8|64.0|158|||2||||||||||||52UZPE01152001T01MT04EBS001H008352UZPE01152001T01MT04EBS001H0083F0083|52UZPE01152001T01MT04EBS001H008352UZPE01152001T01MT04EBS001H0083F0083CC27077924
3|183|ADRIANA|DELPILAR|REVELO|MORENO|CC|59834241|1994-12-20|2|2|3|9510|13|1||7|07|||8|74.0|160|||2||||||||||||52UZPE01152001T01MT04EBS001H008352UZPE01152001T01MT04EBS001H0083F0083|52UZPE01152001T01MT04EBS001H008352UZPE01152001T01MT04EBS001H0083F0083CC59834241
3|184|LUIS|ORLANDO|REVELO|MORENO|CC|98396899|1995-07-17|1|2|3|9510|13|1||7|07|||8|70.0|166|||2||||||||||||52UZPE01152001T01MT04EBS001H008352UZPE01152001T01MT04EBS001H0083F0083|52UZPE01152001T01MT04EBS001H008352UZPE01152001T01MT04EBS001H0083F0083CC98396899
3|185|NELSON|EDUARDO|SALAS|SANTACRUZ|CC|14435643|1944-04-28|1|2|1|9998|2|1||3|07|||8|57.0|160|||2||||||||||||52UZPE01152001T01MT04EBS001H004352UZPE01152001T01MT04EBS001H0043F0043|52UZPE01152001T01MT04EBS001H004352UZPE01152001T01MT04EBS001H0043F0043CC14435643
3|186|JOSE|ANTONIO|BURBANO|BURBANO|CC|5226536|1935-02-10|1|2|5|9998|13|1||3|07|||8|55.0|160|||2||||||||||||52UZPE01152001T01MT04EBS001H001352UZPE01152001T01MT04EBS001H0013F0013|52UZPE01152001T01MT04EBS001H001352UZPE01152001T01MT04EBS001H0013F0013CC5226536
3|187|FABIOLA|DELCARMEN|BURBANO|BELTRAN|CC|59820101|1973-01-21|2|2|1|9998|3|1||7|07|||8|76.0|152|||2||||||||||||52UZPE01152001T01MT04EBS001H001352UZPE01152001T01MT04EBS001H0013F0013|52UZPE01152001T01MT04EBS001H001352UZPE01152001T01MT04EBS001H0013F0013CC59820101
3|188|LUIS|ALFONSO|MORENO|REVELO|CC|98378144|1970-10-05|1|2|1|9510|2|1||7|07|||8|70.0|170|||2||||||||||||52UZPE01152001T01MT04EBS001H001352UZPE01152001T01MT04EBS001H0013F0013|52UZPE01152001T01MT04EBS001H001352UZPE01152001T01MT04EBS001H0013F0013CC98378144
3|189|MARIA|ROSARIO|TRUJILLO|NO|CC|30702805|1952-04-10|2|2|2|9998|2|1||3|07|||8|94.0|147|||2||||||||||||52UZPE01152001T01MT04EBS001H001452UZPE01152001T01MT04EBS001H0014F0014|52UZPE01152001T01MT04EBS001H001452UZPE01152001T01MT04EBS001H0014F0014CC30702805
3|190|JULIO|CESAR|PANTOJA|LAJOS|CC|5263549|1953-09-15|1|2|1|9510|3|1||3|07|||8|60.0|170|||2||||||||||||52UZPE01152001T01MT04EBS001H001452UZPE01152001T01MT04EBS001H0014F0014|52UZPE01152001T01MT04EBS001H001452UZPE01152001T01MT04EBS001H0014F0014CC5263549
3|191|ANGIE|MABEL|TUTISTAR|TREJO|CC|32340442640|1993-01-13|2|2|1|9510|7|1||7|07|||8|67.0|160|||2||||||||||||52UZPE01152001T01MT04EBS001H003952UZPE01152001T01MT04EBS001H0039F0039|52UZPE01152001T01MT04EBS001H003952UZPE01152001T01MT04EBS001H0039F0039CC32340442640
3|192|HECTOR|ANDRES|ARANGO|NA|CC|1143966518|1994-05-09|1|2|2|9510|3|1||7|07|||8|70.0|165|||2||||||||||||52UZPE01152001T01MT04EBS001H003952UZPE01152001T01MT04EBS001H0039F0039|52UZPE01152001T01MT04EBS001H003952UZPE01152001T01MT04EBS001H0039F0039CC1143966518
3|193|MARIA|MARINA|VALLEJOS|DENARVAEZ|CC|27107937|1946-08-11|2|2|5|9998|2|1||3|07|||8|69.0|159|||2||||||||||||52UZPE01152001T01MT04EBS001H003352UZPE01152001T01MT04EBS001H0033F0033|52UZPE01152001T01MT04EBS001H003352UZPE01152001T01MT04EBS001H0033F0033CC27107937
3|194|EDUARDO|NA|NARVAEZ|VALLEJO|CC|4834075|1972-04-09|1|2|5|9510|3|1||7|07|||8|68.0|165|||2||||||||||||52UZPE01152001T01MT04EBS001H003352UZPE01152001T01MT04EBS001H0033F0033|52UZPE01152001T01MT04EBS001H003352UZPE01152001T01MT04EBS001H0033F0033CC4834075
3|195|CARLOS|AGUSTO|MENESES|ACOSTA|CC|1797775|1935-03-17|1|2|5|9998|5|2||3|07|||1|66.0|163|||2||||||||||||52UZPE01152001T01MT04EBS001H003252UZPE01152001T01MT04EBS001H0032F0032|52UZPE01152001T01MT04EBS001H003252UZPE01152001T01MT04EBS001H0032F0032CC1797775
3|196|ARMANDO|ELIAS|MARTINEZ|NA|CC|12982484|1958-03-23|1|2|3|9510|2|1||3|07|||8|74.0|166|||2||||||||||||52UZPE01152001T01MT04EBS001H004452UZPE01152001T01MT04EBS001H0044F0044|52UZPE01152001T01MT04EBS001H004452UZPE01152001T01MT04EBS001H0044F0044CC12982484
3|197|EMERSON|CAMILO|RUIZ|RIASCOS|CC|1193271738|2001-10-21|1|2|3|9998|7|1||7|07|||8|65.0|170|||2||||||||||||52UZPE01152001T01MT04EBS001H007552UZPE01152001T01MT04EBS001H0075F0075|52UZPE01152001T01MT04EBS001H007552UZPE01152001T01MT04EBS001H0075F0075CC1193271738
3|198|MARIA|DELCARMEN|RUIZ|RIASCOS|CC|27144519|1964-05-02|2|2|5|9998|2|1||3|07|||8|58.0|154|||2||||||||||||52UZPE01152001T01MT04EBS001H007552UZPE01152001T01MT04EBS001H0075F0075|52UZPE01152001T01MT04EBS001H007552UZPE01152001T01MT04EBS001H0075F0075CC27144519
3|199|DENIS|MAURICIO|PADILLA|FLOREZ|CC|87070359|1984-07-15|1|2|3|9998|7|1||7|07|||8|78.0|157|||2||||||||||||52UZPE01152001T01MT04EBS001H000552UZPE01152001T01MT04EBS001H0005F0005|52UZPE01152001T01MT04EBS001H000552UZPE01152001T01MT04EBS001H0005F0005CC87070359
3|200|CARLOS|NA|ANDRADE|NA|CC|5208423|1977-06-04|1|2|3|9510|3|1||7|07|||8|62.0|177|||2||||||||||||52UZPE01152001T01MT04EBS001H005752UZPE01152001T01MT04EBS001H0057F0057|52UZPE01152001T01MT04EBS001H005752UZPE01152001T01MT04EBS001H0057F0057CC5208423
3|201|AMALIA|MELBA|ARTEAGA|DERODRIGUEZ|CC|27065918|1940-04-30|2|2|5|9998|2|1||3|07|||8|50.0|145|||2||||||||||||52UZPE01152001T01MT04EBS001H003852UZPE01152001T01MT04EBS001H0038F0038|52UZPE01152001T01MT04EBS001H003852UZPE01152001T01MT04EBS001H0038F0038CC27065918
3|202|LILIANA|GORETY|RODRIGUEZ|ARTEAGA|CC|30740166|1967-12-12|2|2|1|5169|3|1||7|07|||8|60.0|150|||2||||||||||||52UZPE01152001T01MT04EBS001H003852UZPE01152001T01MT04EBS001H0038F0038|52UZPE01152001T01MT04EBS001H003852UZPE01152001T01MT04EBS001H0038F0038CC30740166
3|203|GERARDO|LUIS|PORTIILA|SANCHEZ|CC|129800262|1963-01-18|1|2|3|9998|3|1||3|07|||8|82.0|187|||2||||||||||||52UZPE01152001T01MT04EBS001H000152UZPE01152001T01MT04EBS001H0001F0001|52UZPE01152001T01MT04EBS001H000152UZPE01152001T01MT04EBS001H0001F0001CC129800262
3|204|LUIS|ANDRES|CORAL|MORENO|CC|1193271807|2001-11-06|1|2|3|9998|5|2||7|07|||8|60.0|160|||2||||||||||||52UZPE01152001T01MT03EBS001H002452UZPE01152001T01MT03EBS001H0024F0024|52UZPE01152001T01MT03EBS001H002452UZPE01152001T01MT03EBS001H0024F0024CC1193271807
3|205|ALICIA|DELSOCORRO|AZTORQUIZA|MONCAYO|CC|30703361|1939-02-02|2|2|6|9998|2|1||3|07|||8|58.0|147|||2||||||||||||52UZPE01152001T01MT03EBS001H002452UZPE01152001T01MT03EBS001H0024F0024|52UZPE01152001T01MT03EBS001H002452UZPE01152001T01MT03EBS001H0024F0024CC30703361
3|206|JHON|VLADIMIR|HERRERA|PANTOJA|CC|1085291998|2000-06-06|2|2|1|9998|3|1||7|07|||8|60.0|160|||2||||||||||||52UZPE01152001T01MT03EBS001H003752UZPE01152001T01MT03EBS001H0037F0037|52UZPE01152001T01MT03EBS001H003752UZPE01152001T01MT03EBS001H0037F0037CC1085291998
3|207|ALBA|LUISA|MONTENEGRO|DELOPEZ|CC|27074090|1954-07-07|2|2|2|9998|2|2||3|07|||8|55.0|150|||2||||||||||||52UZPE01152001T01MT03EBS001H006652UZPE01152001T01MT03EBS001H0066F0066|52UZPE01152001T01MT03EBS001H006652UZPE01152001T01MT03EBS001H0066F0066CC27074090
3|208|JULIO|HUMBERTO|LOPEZ|MARTINEZ|CC|5200010|1944-07-02|1|2|2|9998|9|2||3|07|||8|71.0|165|||2||||||||||||52UZPE01152001T01MT03EBS001H006652UZPE01152001T01MT03EBS001H0066F0066|52UZPE01152001T01MT03EBS001H006652UZPE01152001T01MT03EBS001H0066F0066CC5200010